17   4   68
1   1       5.37667139546100015e-01 
2   1       1.83388501459508646e+00 
3   1      -2.25884686100364807e+00 
4   1       8.62173320368120555e-01 
5   1       3.18765239858980809e-01 
6   1      -1.30768829630527339e+00 
7   1      -4.33592022305683555e-01 
8   1       3.42624466538649919e-01 
9   1       3.57839693972576045e+00 
10   1       2.76943702988487717e+00 
11   1      -1.34988694015652122e+00 
12   1       3.03492346633185450e+00 
13   1       7.25404224946105569e-01 
14   1      -6.30548731896561909e-02 
15   1       7.14742903826095843e-01 
16   1      -2.04966058299774628e-01 
17   1      -1.24144348216311914e-01 
1   2       1.48969760778546489e+00 
2   2       1.40903448980047918e+00 
3   2       1.41719241342961388e+00 
4   2       6.71497133608080499e-01 
5   2      -1.20748692268503777e+00 
6   2       7.17238651328838461e-01 
7   2       1.63023528916472915e+00 
8   2       4.88893770311789377e-01 
9   2       1.03469300991786017e+00 
10   2       7.26885133383237902e-01 
11   2      -3.03440924786015920e-01 
12   2       2.93871467096658068e-01 
13   2      -7.87282803758637573e-01 
14   2       8.88395631757641802e-01 
15   2      -1.14707010696915046e+00 
16   2      -1.06887045816803172e+00 
17   2      -8.09498694424875542e-01 
1   3      -2.94428416199489629e+00 
2   3       1.43838029281509838e+00 
3   3       3.25190539456197858e-01 
4   3      -7.54928319169703377e-01 
5   3       1.37029854009522789e+00 
6   3      -1.71151641885369799e+00 
7   3      -1.02242446085490893e-01 
8   3      -2.41447041607357943e-01 
9   3       3.19206739165501796e-01 
10   3       3.12858596637428432e-01 
11   3      -8.64879917324456460e-01 
12   3      -3.00512961962685586e-02 
13   3      -1.64879019209038302e-01 
14   3       6.27707287528726510e-01 
15   3       1.09326566903948397e+00 
16   3       1.10927329761439752e+00 
17   3      -8.63652821988714403e-01 
1   4       7.73590911304249257e-02 
2   4      -1.21411704361540917e+00 
3   4      -1.11350074148676437e+00 
4   4      -6.84932810334806449e-03 
5   4       1.53263030828474989e+00 
6   4      -7.69665913753681874e-01 
7   4       3.71378812760057742e-01 
8   4      -2.25584402271251927e-01 
9   4       1.11735613881446660e+00 
10   4      -1.08906429505223579e+00 
11   4       3.25574641649734667e-02 
12   4       5.52527021112223737e-01 
13   4       1.10061021788086633e+00 
14   4       1.54421189550395099e+00 
15   4       8.59311331754254587e-02 
16   4      -1.49159031063760938e+00 
17   4      -7.42301837259856656e-01 
