35   6   210
1   1       1.55582681112455656e+00 
2   1      -6.64577020053817247e-01 
3   1      -4.54859308226296666e-01 
4   1       3.73671226067070816e-01 
5   1       7.47475554783386537e-02 
6   1      -3.83869844506647389e-03 
7   1      -2.41319296904433822e-01 
8   1      -7.06779303684003518e-02 
9   1       9.31604501733048651e-01 
10   1       1.93288791968746332e+00 
11   1      -2.46472503198230941e-01 
12   1       6.10044558308014268e-02 
13   1      -9.05084292698012050e-01 
14   1      -8.00258883036098712e-01 
15   1       1.03249021201219526e+00 
16   1      -1.00466244302510558e-02 
17   1       8.64585973478312120e-01 
18   1       3.27440713044477305e-01 
19   1      -7.07647274383889524e-01 
20   1       4.43695802727434252e-01 
21   1      -6.59180460149059955e-01 
22   1       1.78906384184906980e-01 
23   1       9.22825390563965842e-01 
24   1       7.36573585003133080e-01 
25   1       5.28912082676831985e-01 
26   1       9.44475668454777595e-01 
27   1       7.26097249253062210e-02 
28   1      -6.47419985392593933e-01 
29   1       1.04979498353707387e-01 
30   1       5.55256963019928662e-01 
31   1       7.51040616010082096e-01 
32   1       4.89625123936503592e-01 
33   1       1.36317545998580680e+00 
34   1       6.02596197170572001e-01 
35   1       4.86731927033253797e-01 
1   2       2.97674306015949103e-02 
2   2       7.03447869522152769e-01 
3   2       3.61856661693100878e-01 
4   2       5.41266877927552459e-01 
5   2      -2.22095837393781629e-04 
6   2       1.41327488891573583e+00 
7   2       7.65784172051405809e-01 
8   2       2.64945102968943025e-01 
9   2       3.72114638894540939e-02 
10   2      -2.83602667936156239e-01 
11   2       5.49439960686005091e-01 
12   2       4.68906718260048760e-01 
13   2       6.57010317171626834e-01 
14   2       6.52788503954857102e-01 
15   2      -1.33742886485700180e-01 
16   2      -7.35963143376807793e-01 
17   2       5.26422369456038958e-02 
18   2      -9.87539072321637845e-01 
19   2       1.95716189741344326e+00 
20   2       6.58571396555672983e-01 
21   2       1.14516560412407586e+00 
22   2      -3.44175625762038706e+00 
23   2       9.87840541283466878e-01 
24   2      -7.38216835821406070e-01 
25   2      -9.38055697859635940e-01 
26   2       2.11436946320605766e-04 
27   2      -4.97203510700410634e-01 
28   2       4.79847059690433841e-01 
29   2       9.12695697013692020e-01 
30   2       5.38796667313438168e-03 
31   2      -5.26742259985565897e-02 
32   2       9.74318244553697643e-01 
33   2       1.87524451617991583e+00 
34   2      -9.81179567672144204e-01 
35   2       1.93394390485489609e+00 
1   3      -3.79363076798261034e-01 
2   3       6.00931097893284916e-01 
3   3      -6.86537431466824444e-01 
4   3      -2.09947543821211363e-01 
5   3      -5.53855329684450393e-01 
6   3       3.39444224968509511e-01 
7   3       1.20855335978390133e+00 
8   3       5.75225924358085616e-01 
9   3      -3.37030767644133589e-01 
10   3      -2.60111535043609121e-01 
11   3       1.02943775497196577e-01 
12   3       1.43857321931002735e+00 
13   3      -7.47204698360204644e-01 
14   3      -1.24220339003409119e+00 
15   3      -2.16159497960232844e-01 
16   3      -4.11479692384918772e-01 
17   3       6.21320212516213166e-03 
18   3       6.07839890555779583e-01 
19   3      -6.61882163199369322e-02 
20   3      -1.00842516204475308e+00 
21   3       9.11903715932036896e-01 
22   3      -9.70999148058157124e-01 
23   3       6.44542120996861700e-01 
24   3      -1.58252743582831168e+00 
25   3      -9.01589726344497522e-01 
26   3       8.75546566381420699e-01 
27   3      -9.18299946793730504e-01 
28   3      -2.13254302781094385e+00 
29   3       7.28319327989602971e-01 
30   3      -1.76093310962184280e+00 
31   3       9.70676285068080236e-01 
32   3       9.73703467454148153e-01 
33   3      -1.03816506855834767e+00 
34   3      -4.87474062304822431e-01 
35   3      -9.76335522901858599e-02 
1   4       3.21199431584253237e-01 
2   4      -1.24845132203816678e+00 
3   4       2.01925262040164921e-01 
4   4      -1.52238746230473598e+00 
5   4       2.25030239665025356e+00 
6   4       1.10104466625917552e+00 
7   4      -5.91216612819442378e-01 
8   4       1.26114460792553174e+00 
9   4      -5.50102169831118926e-01 
10   4      -1.09968507979714344e-01 
11   4      -3.35823294023206598e-01 
12   4       1.39862821475539034e+00 
13   4      -8.39785225439763777e-02 
14   4       1.24986223617293013e+00 
15   4      -2.38922565709917789e+00 
16   4      -8.95023451515083668e-01 
17   4       4.82770893328821282e-01 
18   4       5.40766844458078544e-01 
19   4      -1.95068190683429288e+00 
20   4      -8.53168810395245059e-01 
21   4       1.69686082677972028e-01 
22   4       6.40384727107669138e-01 
23   4       6.65593246475624012e-01 
24   4       1.40437774576931074e+00 
25   4       5.26691157693982670e-01 
26   4       3.67148706449766660e-02 
27   4      -3.23391050123033763e-01 
28   4      -8.15895568647044045e-01 
29   4       5.45796340771396382e-01 
30   4       5.51403010319062692e-01 
31   4      -3.09329075452227480e-02 
32   4       9.95551899459083622e-01 
33   4      -6.10197650536794756e-01 
34   4       6.95628719358728054e-01 
35   4       1.08729906946900501e+00 
1   5       8.98605209724355314e-01 
2   5      -2.39239740347063808e-02 
3   5       2.49903909645715239e-01 
4   5      -1.20304382350045302e+00 
5   5       1.45640649515669879e-01 
6   5      -1.01486568274592170e+00 
7   5       5.49895623961040747e-01 
8   5      -7.28436592205272571e-01 
9   5       1.80046016061877506e-01 
10   5       1.42016937667950471e+00 
11   5       1.51796008794806236e+00 
12   5       2.07103416703159482e+00 
13   5      -2.45469395508205546e+00 
14   5      -1.67359284723959778e-01 
15   5      -7.84990679932039859e-01 
16   5      -1.30317791663245708e+00 
17   5      -3.91252193278330995e-01 
18   5       1.98942596212271311e-01 
19   5      -1.41465471119645803e+00 
20   5       1.76636351993060603e+00 
21   5       3.45767939823123371e-01 
22   5       3.01971021263104555e+00 
23   5       1.04159061826215971e+00 
24   5       1.22332012326247885e+00 
25   5      -2.11550060401097051e+00 
26   5       1.57366173452705604e+00 
27   5      -2.19897827284732950e+00 
28   5      -2.88175584015496533e-01 
29   5      -3.18945832236357030e-01 
30   5      -4.88621791186800714e-01 
31   5      -5.81178827737318313e-02 
32   5       5.15679151322681467e-02 
33   5       9.41913469182692586e-01 
34   5       8.00279377206516540e-01 
35   5      -5.87133829473323182e-02 
1   6       6.42183907932901366e-01 
2   6      -1.12475158578179441e-01 
3   6       1.05710762593450386e-01 
4   6       1.66014499205287547e+00 
5   6      -2.11711229053522043e+00 
6   6      -3.33809997176986895e-01 
7   6      -1.04492765983877045e+00 
8   6      -2.40831036667919746e-01 
9   6       2.30992979515015268e-01 
10   6      -1.98086353485373123e-01 
11   6      -5.02404599878214175e-01 
12   6      -1.31628398503343930e-01 
13   6      -6.92332813643705025e-01 
14   6      -4.34399702635816398e-01 
15   6       1.28764870791176378e+00 
16   6      -5.76912536364728723e-01 
17   6       1.39374901234009474e-01 
18   6       5.03846601960177387e-01 
19   6      -1.03587405185800674e+00 
20   6       2.43469563754950380e-01 
21   6       1.29401032583933118e+00 
22   6       2.98307068778826179e-01 
23   6       5.96996925775241882e-01 
24   6      -1.52831240687225489e+00 
25   6      -1.54555540152615989e+00 
26   6      -2.60064234114451079e-02 
27   6      -2.03799888021694714e-02 
28   6       9.42864128379576227e-01 
29   6      -1.28388189244253903e+00 
30   6      -5.30662286212813084e-01 
31   6      -2.46211930706660670e-01 
32   6       8.20863562259154023e-01 
33   6       2.59497583069539584e+00 
34   6      -5.60532484946307363e-01 
35   6       1.30229847870607318e+00 
