40   30   1200
1   1       5.37667139546100015e-01 
2   1       1.83388501459508646e+00 
3   1      -2.25884686100364807e+00 
4   1       8.62173320368120555e-01 
5   1       3.18765239858980809e-01 
6   1      -1.30768829630527339e+00 
7   1      -4.33592022305683555e-01 
8   1       3.42624466538649919e-01 
9   1       3.57839693972576045e+00 
10   1       2.76943702988487717e+00 
11   1      -1.34988694015652122e+00 
12   1       3.03492346633185450e+00 
13   1       7.25404224946105569e-01 
14   1      -6.30548731896561909e-02 
15   1       7.14742903826095843e-01 
16   1      -2.04966058299774628e-01 
17   1      -1.24144348216311914e-01 
18   1       1.48969760778546489e+00 
19   1       1.40903448980047918e+00 
20   1       1.41719241342961388e+00 
21   1       6.71497133608080499e-01 
22   1      -1.20748692268503777e+00 
23   1       7.17238651328838461e-01 
24   1       1.63023528916472915e+00 
25   1       4.88893770311789377e-01 
26   1       1.03469300991786017e+00 
27   1       7.26885133383237902e-01 
28   1      -3.03440924786015920e-01 
29   1       2.93871467096658068e-01 
30   1      -7.87282803758637573e-01 
31   1       8.88395631757641802e-01 
32   1      -1.14707010696915046e+00 
33   1      -1.06887045816803172e+00 
34   1      -8.09498694424875542e-01 
35   1      -2.94428416199489629e+00 
36   1       1.43838029281509838e+00 
37   1       3.25190539456197858e-01 
38   1      -7.54928319169703377e-01 
39   1       1.37029854009522789e+00 
40   1      -1.71151641885369799e+00 
1   2      -1.02242446085490893e-01 
2   2      -2.41447041607357943e-01 
3   2       3.19206739165501796e-01 
4   2       3.12858596637428432e-01 
5   2      -8.64879917324456460e-01 
6   2      -3.00512961962685586e-02 
7   2      -1.64879019209038302e-01 
8   2       6.27707287528726510e-01 
9   2       1.09326566903948397e+00 
10   2       1.10927329761439752e+00 
11   2      -8.63652821988714403e-01 
12   2       7.73590911304249257e-02 
13   2      -1.21411704361540917e+00 
14   2      -1.11350074148676437e+00 
15   2      -6.84932810334806449e-03 
16   2       1.53263030828474989e+00 
17   2      -7.69665913753681874e-01 
18   2       3.71378812760057742e-01 
19   2      -2.25584402271251927e-01 
20   2       1.11735613881446660e+00 
21   2      -1.08906429505223579e+00 
22   2       3.25574641649734667e-02 
23   2       5.52527021112223737e-01 
24   2       1.10061021788086633e+00 
25   2       1.54421189550395099e+00 
26   2       8.59311331754254587e-02 
27   2      -1.49159031063760938e+00 
28   2      -7.42301837259856656e-01 
29   2      -1.06158173331998640e+00 
30   2       2.35045722400204227e+00 
31   2      -6.15601881466894318e-01 
32   2       7.48076783703985115e-01 
33   2      -1.92418510588263564e-01 
34   2       8.88610425420720773e-01 
35   2      -7.64849236567874180e-01 
36   2      -1.40226896933875866e+00 
37   2      -1.42237592509149646e+00 
38   2       4.88193909859940656e-01 
39   2      -1.77375156618825219e-01 
40   2      -1.96053487807332810e-01 
1   3       1.41931015064254940e+00 
2   3       2.91584373984182521e-01 
3   3       1.97811053464360731e-01 
4   3       1.58769908997405929e+00 
5   3      -8.04465956349547096e-01 
6   3       6.96624415849607326e-01 
7   3       8.35088165072681909e-01 
8   3      -2.43715140377952194e-01 
9   3       2.15670086403744410e-01 
10   3      -1.16584393148204879e+00 
11   3      -1.14795277889859415e+00 
12   3       1.04874716016493980e-01 
13   3       7.22254032225001619e-01 
14   3       2.58549125261624146e+00 
15   3      -6.66890670701385524e-01 
16   3       1.87331024578939798e-01 
17   3      -8.24944253709554015e-02 
18   3      -1.93302291785098657e+00 
19   3      -4.38966153934773340e-01 
20   3      -1.79467884145512335e+00 
21   3       8.40375529753905393e-01 
22   3      -8.88032082329010319e-01 
23   3       1.00092833139322476e-01 
24   3      -5.44528929990547694e-01 
25   3       3.03520794649354275e-01 
26   3      -6.00326562133734143e-01 
27   3       4.89965321173947921e-01 
28   3       7.39363123604473982e-01 
29   3       1.71188778298155464e+00 
30   3      -1.94123535758265381e-01 
31   3      -2.13835526943993859e+00 
32   3      -8.39588747336613594e-01 
33   3       1.35459432800464374e+00 
34   3      -1.07215528838425156e+00 
35   3       9.60953869740566846e-01 
36   3       1.24049800003192517e-01 
37   3       1.43669662271893883e+00 
38   3      -1.96089999936503268e+00 
39   3      -1.97698225974150238e-01 
40   3      -1.20784548525979885e+00 
1   4       2.90800803072936187e+00 
2   4       8.25218894228490929e-01 
3   4       1.37897197791661408e+00 
4   4      -1.05818025798736159e+00 
5   4      -4.68615581100624123e-01 
6   4      -2.72469409250187478e-01 
7   4       1.09842461788862278e+00 
8   4      -2.77871932787638887e-01 
9   4       7.01541458163283504e-01 
10   4      -2.05181629991114933e+00 
11   4      -3.53849997774433267e-01 
12   4      -8.23586525156852711e-01 
13   4      -1.57705702279920157e+00 
14   4       5.07974650905945624e-01 
15   4       2.81984063670556173e-01 
16   4       3.34798822444514199e-02 
17   4      -1.33367794342810608e+00 
18   4       1.12749227834159016e+00 
19   4       3.50179410603311647e-01 
20   4      -2.99066030332982402e-01 
21   4       2.28897927516297749e-02 
22   4      -2.61995434966091956e-01 
23   4      -1.75021236844678962e+00 
24   4      -2.85650971595329817e-01 
25   4      -8.31366511567624311e-01 
26   4      -9.79206305167302116e-01 
27   4      -1.15640165566400221e+00 
28   4      -5.33557109315987432e-01 
29   4      -2.00263573588306043e+00 
30   4       9.64229422631627475e-01 
31   4       5.20060101455457557e-01 
32   4      -2.00278516425380776e-02 
33   4      -3.47710860284829587e-02 
34   4      -7.98163584564142381e-01 
35   4       1.01868528212857545e+00 
36   4      -1.33217479507734687e-01 
37   4      -7.14530163787158390e-01 
38   4       1.35138576842665681e+00 
39   4      -2.24771056052584101e-01 
40   4      -5.89029030720801261e-01 
1   5      -2.93753597735416094e-01 
2   5      -8.47926243637933896e-01 
3   5      -1.12012830124372775e+00 
4   5       2.52599969211830944e+00 
5   5       1.65549759288734566e+00 
6   5       3.07535159238251921e-01 
7   5      -1.25711835935205340e+00 
8   5      -8.65468030554803813e-01 
9   5      -1.76534114231450934e-01 
10   5       7.91416061628633982e-01 
11   5      -1.33200442131524732e+00 
12   5      -2.32986715580507608e+00 
13   5      -1.44909729283873934e+00 
14   5       3.33510833065805867e-01 
15   5       3.91353604432900959e-01 
16   5       4.51679418928237542e-01 
17   5      -1.30284653145720630e-01 
18   5       1.83689095861942125e-01 
19   5      -4.76153016619073832e-01 
20   5       8.62021611556922029e-01 
21   5      -1.36169447087075435e+00 
22   5       4.55029556444334349e-01 
23   5      -8.48709379933659025e-01 
24   5      -3.34886938964047698e-01 
25   5       5.52783345944550142e-01 
26   5       1.03909065350495600e+00 
27   5      -1.11763868326520810e+00 
28   5       1.26065870912089628e+00 
29   5       6.60143141046977688e-01 
30   5      -6.78655535426873346e-02 
31   5      -1.95221197898754362e-01 
32   5      -2.17606350143191934e-01 
33   5      -3.03107621351740908e-01 
34   5       2.30456244251052815e-02 
35   5       5.12903558487746991e-02 
36   5       8.26062790211595455e-01 
37   5       1.52697668673337272e+00 
38   5       4.66914435684700035e-01 
39   5      -2.09713338388736709e-01 
40   5       6.25190357087625714e-01 
1   6       1.83227263001436963e-01 
2   6      -1.02976754356662115e+00 
3   6       9.49221831131022542e-01 
4   6       3.07061919146703444e-01 
5   6       1.35174942099455658e-01 
6   6       5.15246335524848553e-01 
7   6       2.61406324055382666e-01 
8   6      -9.41485770955433732e-01 
9   6      -1.62337672803827743e-01 
10   6      -1.46054634331526184e-01 
11   6      -5.32011376808820713e-01 
12   6       1.68210359466317882e+00 
13   6      -8.75729346160017297e-01 
14   6      -4.83815050110121103e-01 
15   6      -7.12004549027422495e-01 
16   6      -1.17421233145681625e+00 
17   6      -1.92239517539274762e-01 
18   6      -2.74070229932602216e-01 
19   6       1.53007251442409609e+00 
20   6      -2.49024742513713787e-01 
21   6      -1.06421341288932680e+00 
22   6       1.60345729812004412e+00 
23   6       1.23467914689077785e+00 
24   6      -2.29626450963180490e-01 
25   6      -1.50615970397971899e+00 
26   6      -4.44627816446985402e-01 
27   6      -1.55941035724768945e-01 
28   6       2.76068253931536167e-01 
29   6      -2.61163645776478603e-01 
30   6       4.43421912904091331e-01 
31   6       3.91894209432449070e-01 
32   6      -1.25067890682640748e+00 
33   6      -9.47960922331432032e-01 
34   6      -7.41106093940411492e-01 
35   6      -5.07817550278173657e-01 
36   6      -3.20575506600239257e-01 
37   6       1.24690413616179510e-02 
38   6      -3.02917734140414563e+00 
39   6      -4.57014640871582556e-01 
40   6       1.24244840639073839e+00 
1   7      -1.06670139898474958e+00 
2   7       9.33728162671238482e-01 
3   7       3.50321001356111605e-01 
4   7      -2.90057637087263211e-02 
5   7       1.82452167505983420e-01 
6   7      -1.56505601415072504e+00 
7   7      -8.45394798177241946e-02 
8   7       1.60394635060288038e+00 
9   7       9.83477746401079517e-02 
10   7       4.13736134896146718e-02 
11   7      -7.34169112696738679e-01 
12   7      -3.08137300123199620e-02 
13   7       2.32347012624476768e-01 
14   7       4.26387557408945017e-01 
15   7      -3.72808741723504200e-01 
16   7      -2.36454583757186282e-01 
17   7       2.02369088660305341e+00 
18   7      -2.25835397049619147e+00 
19   7       2.22944568045689895e+00 
20   7       3.37563700613106421e-01 
21   7       1.00006081958912474e+00 
22   7      -1.66416447498706033e+00 
23   7      -5.90034564205221490e-01 
24   7      -2.78064163765309347e-01 
25   7       4.22715691220478307e-01 
26   7      -1.67020069785047043e+00 
27   7       4.71634326416302707e-01 
28   7      -1.21284719967445942e+00 
29   7       6.61900484246114168e-02 
30   7       6.52355888661373950e-01 
31   7       3.27059967177087518e-01 
32   7       1.08263350423675608e+00 
33   7       1.00607711081905138e+00 
34   7      -6.50907736597752584e-01 
35   7       2.57056157433968868e-01 
36   7      -9.44377806404218978e-01 
37   7      -1.32178852139256375e+00 
38   7       9.24825933493705898e-01 
39   7       4.98490752508133083e-05 
40   7      -5.49189146094066979e-02 
1   8       9.11127265653859819e-01 
2   8       5.94583697409052370e-01 
3   8       3.50201173874535199e-01 
4   8       1.25025122830499580e+00 
5   8       9.29789458557715665e-01 
6   8       2.39763257058580037e-01 
7   8      -6.90361103111225782e-01 
8   8      -6.51553641750280965e-01 
9   8       1.19210187053127004e+00 
10   8      -1.61183038867781070e+00 
11   8      -2.44619366359184569e-02 
12   8      -1.94884717689890086e+00 
13   8       1.02049801445265387e+00 
14   8       8.61716302393418454e-01 
15   8       1.16208348351385347e-03 
16   8      -7.08372131604801947e-02 
17   8      -2.48628392070327875e+00 
18   8       5.81172322675922781e-01 
19   8      -2.19243491996590478e+00 
20   8      -2.31928030664330231e+00 
21   8       7.99337102984396947e-02 
22   8      -9.48480983570505254e-01 
23   8       4.11490621423374170e-01 
24   8       6.76977805684029543e-01 
25   8       8.57732545205355246e-01 
26   8      -6.91159125382991402e-01 
27   8       4.49377623166850704e-01 
28   8       1.00633350315076475e-01 
29   8       8.26069998469923239e-01 
30   8       5.36157079925918767e-01 
31   8       8.97888425985075900e-01 
32   8      -1.31937867924580843e-01 
33   8      -1.47201456151267313e-01 
34   8       1.00777340530543857e+00 
35   8      -2.12365546241574998e+00 
36   8      -5.04586405514009906e-01 
37   8      -1.27059444980866010e+00 
38   8      -3.82584802707648441e-01 
39   8       6.48679262048620697e-01 
40   8       8.25727149241758163e-01 
1   9      -1.01494364268013748e+00 
2   9      -4.71069912683166558e-01 
3   9       1.37024874130050295e-01 
4   9      -2.91863375753573351e-01 
5   9       3.01818555261006316e-01 
6   9       3.99930942955802116e-01 
7   9      -9.29961558940129440e-01 
8   9      -1.76830265929231761e-01 
9   9      -2.13209459916153454e+00 
10   9       1.14536171051847413e+00 
11   9      -6.29090760994155507e-01 
12   9      -1.20384997400221838e+00 
13   9      -2.53944683422811790e-01 
14   9      -1.42864686463209756e+00 
15   9      -2.08576177016002694e-02 
16   9      -5.60664996528184578e-01 
17   9       2.17777870918415406e+00 
18   9       1.13846538732959512e+00 
19   9      -2.49688650318450200e+00 
20   9       4.41326931727608507e-01 
21   9      -1.39813787581107407e+00 
22   9      -2.55055179880805782e-01 
23   9       1.64404073318728583e-01 
24   9       7.47734028808122564e-01 
25   9      -2.73046949402906858e-01 
26   9       1.57630014654607509e+00 
27   9      -4.80937151778845218e-01 
28   9       3.27512120829685782e-01 
29   9       6.64734120627594516e-01 
30   9       8.51885927211602362e-02 
31   9       8.80952785381047820e-01 
32   9       3.23213137847597476e-01 
33   9      -7.84146183664087504e-01 
34   9      -1.80537335138608968e+00 
35   9       1.85859294855570512e+00 
36   9      -6.04530088774459018e-01 
37   9       1.03359722310648050e-01 
38   9       5.63166955145977810e-01 
39   9       1.13596996734001740e-01 
40   9      -9.04726212798031781e-01 
1   10      -4.67714582451856320e-01 
2   10      -1.24889947223107006e-01 
3   10       1.47895849150403014e+00 
4   10      -8.60815690006961010e-01 
5   10       7.84668467287821469e-01 
6   10       3.08623139948529523e-01 
7   10      -2.33860042129152873e-01 
8   10      -1.05697274596013102e+00 
9   10      -2.84140954626163900e-01 
10   10      -8.66902824593051291e-02 
11   10      -1.46939507448635709e+00 
12   10       1.92182244870785474e-01 
13   10      -8.22293276290175124e-01 
14   10      -9.42405879597235097e-02 
15   10       3.36213340954240270e-01 
16   10      -9.04654059246837172e-01 
17   10      -2.88256361205696421e-01 
18   10       3.50062757534177815e-01 
19   10      -1.83585914250430493e+00 
20   10       1.03597590824548047e+00 
21   10       2.42446114493936449e+00 
22   10       9.59400509407975499e-01 
23   10      -3.15771995009408502e-01 
24   10       4.28622679859395950e-01 
25   10      -1.03598477851339288e+00 
26   10       1.87786546049585823e+00 
27   10       9.40704403352131791e-01 
28   10       7.87345779935246237e-01 
29   10      -8.75874261956672395e-01 
30   10       3.19949134382331246e-01 
31   10      -5.58294284850903599e-01 
32   10      -3.11429418546894599e-01 
33   10      -5.70009916642185699e-01 
34   10      -1.02573361562871268e+00 
35   10      -9.08745586874325162e-01 
36   10      -2.09897334055590801e-01 
37   10      -1.69886408417261037e+00 
38   10       6.07600575846083957e-01 
39   10      -1.17798289267962458e-01 
40   10       6.99160333644166743e-01 
1   11       2.69648641716597859e-01 
2   11       4.94287055379410756e-01 
3   11      -1.48312102251589861e+00 
4   11      -1.02026438568296518e+00 
5   11      -4.46995010744527521e-01 
6   11       1.09658591327602625e-01 
7   11       1.12873645202828277e+00 
8   11      -2.89963040800027938e-01 
9   11       1.26155071814114828e+00 
10   11       4.75424811707271355e-01 
11   11       1.17411675149371497e+00 
12   11       1.26947068043645916e-01 
13   11      -6.56815928948082495e-01 
14   11      -1.48139907157877992e+00 
15   11       1.55488995903893978e-01 
16   11       8.18551368521000522e-01 
17   11      -2.92588130834394000e-01 
18   11      -5.40786416488525767e-01 
19   11      -3.08641815280113085e-01 
20   11      -1.09659330152547208e+00 
21   11      -4.93009815316450606e-01 
22   11      -1.80739356415037467e-01 
23   11       4.58411057137050396e-02 
24   11      -6.37831200223326483e-02 
25   11       6.11335194065235954e-01 
26   11       1.09317693774870342e-01 
27   11       1.81401545028037559e+00 
28   11       3.12023828329273611e-01 
29   11       1.80449377172418690e+00 
30   11      -7.23121479570418058e-01 
31   11       5.26547037749559022e-01 
32   11      -2.60250861706116776e-01 
33   11       6.00142508808629960e-01 
34   11       5.93930795648752730e-01 
35   11      -2.18602161274823548e+00 
36   11      -1.32704314952029101e+00 
37   11      -1.44101359763891446e+00 
38   11       4.01844497039814952e-01 
39   11       1.47020128084851942e+00 
40   11      -3.26814228785906158e-01 
1   12       8.12323004640795987e-01 
2   12       5.45540103526115816e-01 
3   12      -1.05163230952084841e+00 
4   12       3.97466995795308642e-01 
5   12      -7.51894738681891606e-01 
6   12       1.51626689664595271e+00 
7   12      -3.25665091944807444e-02 
8   12       1.63599965727829244e+00 
9   12      -4.25058490610030815e-01 
10   12       5.89433366718220664e-01 
11   12      -6.27912257183249611e-02 
12   12      -2.02195893005178950e+00 
13   12      -9.82131525779047831e-01 
14   12       6.12511298166949270e-01 
15   12      -5.48861299886773610e-02 
16   12      -1.11873200245272497e+00 
17   12      -6.26378538867138679e-01 
18   12       2.49517740562795132e-01 
19   12      -9.93019006549600625e-01 
20   12       9.74950224811311550e-01 
21   12      -6.40709506726057532e-01 
22   12       1.80886262051925395e+00 
23   12      -1.07986625073882814e+00 
24   12       1.99189444075264455e-01 
25   12      -1.52102656176895468e+00 
26   12      -7.23631125289072807e-01 
27   12      -5.93250315010803608e-01 
28   12       4.01336339818801069e-01 
29   12       9.42133319236942435e-01 
30   12       3.00485967595730263e-01 
31   12      -3.73070658631004248e-01 
32   12       8.15488508092498399e-01 
33   12       7.98886992156715880e-01 
34   12       1.20205281956355367e-01 
35   12       5.71247629714476068e-01 
36   12       4.12796010311391848e-01 
37   12      -9.86961883351521907e-01 
38   12       7.59568325914783404e-01 
39   12      -6.57201299098350344e-01 
40   12      -6.03918481376169214e-01 
1   13       1.76946822329411252e-01 
2   13      -3.07503469862750567e-01 
3   13      -1.31820352915893585e-01 
4   13       5.95357673884101768e-01 
5   13       1.04683278430523186e+00 
6   13      -1.97958632611841989e-01 
7   13       3.27678163907200726e-01 
8   13      -2.38301504589733010e-01 
9   13       2.29596893220313791e-01 
10   13       4.39997904822629349e-01 
11   13      -6.16865928889227422e-01 
12   13       2.74836786911666187e-01 
13   13       6.01102032468295078e-01 
14   13       9.23079512389622658e-02 
15   13       1.72984139157236427e+00 
16   13      -6.08557444738319409e-01 
17   13      -7.37059771697805455e-01 
18   13      -1.74987930638762545e+00 
19   13       9.10482579647111989e-01 
20   13       8.67082552947325391e-01 
21   13      -7.98928390580370962e-02 
22   13       8.98475989377141793e-01 
23   13       1.83703423091249041e-01 
24   13       2.90790134884453599e-01 
25   13       1.12944717021051230e-01 
26   13       4.39952188872439920e-01 
27   13       1.01662443700341151e-01 
28   13       2.78733522781343535e+00 
29   13      -1.16666503019464107e+00 
30   13      -1.85429908268969390e+00 
31   13      -1.14068114466963233e+00 
32   13      -1.09334345623960449e+00 
33   13      -4.33609296474823602e-01 
34   13      -1.68469878275448348e-01 
35   13      -2.18533560026580531e-01 
36   13       5.41334435719376117e-01 
37   13       3.89266203843263880e-01 
38   13       7.51228984688332879e-01 
39   13       1.77825589929100447e+00 
40   13       1.22306255173380696e+00 
1   14      -1.28325610460476658e+00 
2   14      -2.32895451628334182e+00 
3   14       9.01931466951714444e-01 
4   14      -1.83563868373519234e+00 
5   14       6.67569114368657540e-02 
6   14       3.54794858375770059e-02 
7   14       2.22716807816787155e+00 
8   14      -6.92142540220483660e-02 
9   14      -5.07323064614498387e-01 
10   14       2.35809672576244050e-01 
11   14       2.45804851893843240e-01 
12   14       7.00452094168079048e-02 
13   14      -6.08580510079949288e-01 
14   14      -1.22259338018662955e+00 
15   14       3.16500360797716096e-01 
16   14      -1.34286923662193014e+00 
17   14      -1.03218434407217119e+00 
18   14       1.33121588506497335e+00 
19   14      -4.18903195029848852e-01 
20   14      -1.40321722056366061e-01 
21   14       8.99822328897223467e-01 
22   14      -3.00111005615675885e-01 
23   14       1.02936571210309924e+00 
24   14      -3.45065971567320995e-01 
25   14       1.01280186426298013e+00 
26   14       6.29334584931418806e-01 
27   14      -2.13015082641054704e-01 
28   14      -8.65697308360523721e-01 
29   14      -1.04310830133762678e+00 
30   14      -2.70068812648098844e-01 
31   14      -4.38141355602143678e-01 
32   14      -4.08674314796325655e-01 
33   14       9.83545235205556256e-01 
34   14      -2.97697144009373027e-01 
35   14       1.14367891077095751e+00 
36   14      -5.31620117507069279e-01 
37   14       9.72565728008653152e-01 
38   14      -5.22250484993548869e-01 
39   14       1.76577794642316321e-01 
40   14       9.70737823554688517e-01 
1   15      -4.13972274974230170e-01 
2   15      -4.38270518204901538e-01 
3   15       2.00339061086226478e+00 
4   15       9.50993499549085408e-01 
5   15      -4.32003843727780446e-01 
6   15       6.48940737363586706e-01 
7   15      -3.60076301153971601e-01 
8   15       7.05885019349415832e-01 
9   15       1.41584906843658542e+00 
10   15      -1.60451566859706141e+00 
11   15       1.02885306900202567e+00 
12   15       1.45796778066198551e+00 
13   15       4.74713232748285308e-02 
14   15       1.74625671011842054e+00 
15   15       1.55387514201181076e-01 
16   15      -1.23711968466262956e+00 
17   15      -2.19349427883460679e+00 
18   15      -3.33407067263733481e-01 
19   15       7.13543302564058957e-01 
20   15       3.17407733234496947e-01 
21   15       4.13610390293129626e-01 
22   15      -5.77085583637939603e-01 
23   15       1.44001801404464752e-01 
24   15      -1.63866572993388715e+00 
25   15      -7.60089998635267272e-01 
26   15      -8.18793096250256869e-01 
27   15       5.19728888133619282e-01 
28   15      -1.41600590972046914e-02 
29   15      -1.15552936828724095e+00 
30   15      -9.52491609816555861e-03 
31   15      -6.89810537631709519e-01 
32   15      -6.66699153601164385e-01 
33   15       8.64149421165126386e-01 
34   15       1.13419436226867745e-01 
35   15       3.98362846165994267e-01 
36   15       8.83969890234670652e-01 
37   15       1.80257693987046774e-01 
38   15       5.50854522057470097e-01 
39   15       6.82964276111937107e-01 
40   15       1.17060866003560404e+00 
1   16       4.75860587278342573e-01 
2   16       1.41223268644450384e+00 
3   16       2.26084843095981473e-02 
4   16      -4.78694102202058894e-02 
5   16       1.70133465427495900e+00 
6   16      -5.09711712767426550e-01 
7   16      -2.85496014432120660e-03 
8   16       9.19867079806395482e-01 
9   16       1.49808732632761177e-01 
10   16       1.40493344567697664e+00 
11   16       1.03412153956971009e+00 
12   16       2.91570288770805708e-01 
13   16      -7.77698538311603405e-01 
14   16       5.66696097539304722e-01 
15   16      -1.38262115948035214e+00 
16   16       2.44474675589887752e-01 
17   16       8.08438803167691233e-01 
18   16       2.13041698417000464e-01 
19   16       8.79677164233488851e-01 
20   16       2.03887625141404216e+00 
21   16       9.23932448688936869e-01 
22   16       2.66917446595828001e-01 
23   16       6.41661506421779326e-01 
24   16       4.25485355625295547e-01 
25   16      -1.31472350348688360e+00 
26   16      -4.16411219699433843e-01 
27   16       1.22468782478533678e+00 
28   16      -4.35842055463326397e-02 
29   16       5.82423277447969179e-01 
30   16      -1.00650007461933555e+00 
31   16       6.45167423111044080e-02 
32   16       6.00291949185783547e-01 
33   16      -1.36151495486456686e+00 
34   16       3.47592631960064513e-01 
35   16      -1.81843218459333572e-01 
36   16      -9.39534765941491545e-01 
37   16      -3.75331888191715937e-02 
38   16      -1.89630449362244979e+00 
39   16      -2.12797676818267378e+00 
40   16      -1.17692333071495758e+00 
1   17      -9.90532220484175996e-01 
2   17      -1.17303232726740503e+00 
3   17      -1.72542778952869180e+00 
4   17       2.88228089665010567e-01 
5   17      -1.59418372026680655e+00 
6   17       1.10218849223381196e-01 
7   17       7.87066676357980222e-01 
8   17      -2.22678631383613473e-03 
9   17       9.31087600588035302e-02 
10   17      -3.78157056589757512e-01 
11   17      -1.48267611105900343e+00 
12   17      -4.38185853582947968e-02 
13   17       9.60825211682114655e-01 
14   17       1.73824493261334045e+00 
15   17      -4.30206242426100449e-01 
16   17      -1.62732273646978021e+00 
17   17       1.66347492460065527e-01 
18   17       3.76265910450718832e-01 
19   17      -2.26950464706232535e-01 
20   17      -1.14891228961878999e+00 
21   17       2.02433259954386990e+00 
22   17      -2.35952351095849133e+00 
23   17      -5.09972045799939044e-01 
24   17      -1.32162559081010156e+00 
25   17      -6.36128249660041445e-01 
26   17       3.17851419059696716e-01 
27   17       1.38047974449525851e-01 
28   17      -7.10735074811225997e-01 
29   17       7.77003526719787896e-01 
30   17       6.22393924172012891e-01 
31   17       6.47380884516046806e-01 
32   17      -4.25631681660351369e-01 
33   17       1.04858076053644145e+00 
34   17       6.60707086367174901e-01 
35   17       2.50877247318510577e+00 
36   17       1.06345963904102292e+00 
37   17       1.15692165332739361e+00 
38   17       5.29788273256128414e-02 
39   17      -1.28838600294029137e+00 
40   17      -3.71221247497632245e-01 
1   18      -7.57791916498818607e-01 
2   18      -5.63968917027426797e-01 
3   18       5.55138560001846360e-01 
4   18      -5.56778063950365665e-01 
5   18      -8.95113135482435651e-01 
6   18      -4.09327721634070385e-01 
7   18      -1.60886766738442877e-01 
8   18       4.09334430455455311e-01 
9   18      -9.52635997119977485e-01 
10   18       3.17317472324611882e-01 
11   18       7.80200809780775273e-02 
12   18       1.32438544916022360e+00 
13   18      -2.13170486421585925e-01 
14   18      -1.34478644555426408e-01 
15   18      -1.17135581792029608e+00 
16   18      -1.38526268319523971e+00 
17   18       3.10508318600498712e-01 
18   18      -2.49489064473938899e-01 
19   18       5.03744055737328167e-01 
20   18      -8.92661403477037929e-01 
21   18       1.90851233035822232e+00 
22   18       1.22230700504886741e-01 
23   18       1.04703326689793430e+00 
24   18      -2.26920199323936894e-01 
25   18      -1.62501941548495010e-01 
26   18       6.90051897857806296e-01 
27   18       5.55756771412105000e-01 
28   18      -1.12025500148841051e+00 
29   18      -1.53269301392950918e+00 
30   18      -1.09786776954066911e+00 
31   18      -1.41577332156794000e+00 
32   18       5.95705885660457596e-02 
33   18      -4.11250925532219702e-01 
34   18      -3.68010733040955218e-01 
35   18      -1.36096312939369390e+00 
36   18       7.79567428734972423e-01 
37   18       4.39411111553712042e-01 
38   18      -8.96224837412097214e-02 
39   18       1.02118011801418396e+00 
40   18      -8.73979465028903224e-01 
1   19       4.14700293047627455e-01 
2   19       3.48441199952281344e-01 
3   19       3.49254416663713763e-01 
4   19      -7.29247267629503426e-01 
5   19       3.26840248762991392e-01 
6   19      -5.14881632926475596e-01 
7   19      -8.96446150502486105e-01 
8   19      -1.20326818641501698e+00 
9   19       1.03781563948523958e+00 
10   19      -8.45944212336117829e-01 
11   19      -1.72913844259167698e-01 
12   19      -1.20865205474019932e+00 
13   19      -2.97126799995404367e-01 
14   19      -3.23203779594000684e+00 
15   19      -1.08695922946133039e+00 
16   19      -1.42643615947972324e+00 
17   19      -1.01445076770532117e+00 
18   19      -2.13267188307357941e-01 
19   19      -3.25347780360491112e-01 
20   19       1.94439779196628471e+00 
21   19      -5.71773218349456380e-01 
22   19      -2.50032278035043909e-01 
23   19      -1.56931547034069707e+00 
24   19      -4.77382663694066622e-01 
25   19      -1.33797665356225992e+00 
26   19       3.02990237881830930e-02 
27   19       8.53086767518578037e-01 
28   19       4.04253465109360166e-01 
29   19      -7.00620213418205462e-01 
30   19      -1.63054289274724895e+00 
31   19       1.46001318514264566e+00 
32   19       2.05004273293786676e+00 
33   19       1.20500599699388852e-01 
34   19      -9.89901604221186782e-01 
35   19       1.19777147431487685e+00 
36   19      -5.92656218169253624e-01 
37   19      -4.69809363224454490e-01 
38   19       8.86377377072693928e-01 
39   19      -1.38521980111083765e+00 
40   19      -1.95675395423191989e+00 
1   20       4.20683700201250010e-01 
2   20       4.00737998146962093e-01 
3   20       9.51421578641686583e-02 
4   20       4.96684391636530220e-01 
5   20       1.08224059616069535e+00 
6   20       9.70447788354571794e-01 
7   20      -5.68569570389605317e-01 
8   20       8.09972073318538377e-01 
9   20       1.73247371832087910e-01 
10   20      -5.05542568515378932e-01 
11   20      -1.19330579089020206e+00 
12   20       6.46970938881150204e-01 
13   20      -3.53622599299340701e-01 
14   20       4.64345266878230037e-02 
15   20      -7.92947502201807652e-01 
16   20      -1.55051447477956139e+00 
17   20       1.71586355268627672e-01 
18   20      -6.21391248043617617e-02 
19   20       1.19902787729196758e+00 
20   20       8.01704070327277418e-01 
21   20       1.05330457914954634e+00 
22   20      -7.48876752543158997e-01 
23   20      -9.36326497116020451e-01 
24   20      -1.26908677286849025e+00 
25   20       4.97980623046732296e-01 
26   20       2.78908112764392335e+00 
27   20       7.27572036915722808e-01 
28   20      -7.73064102152236532e-01 
29   20       8.36633754476153180e-01 
30   20      -1.12833031008360174e+00 
31   20      -1.42447009141638148e+00 
32   20       7.17442315507357598e-01 
33   20      -7.77905520185397603e-01 
34   20       3.15985880708604339e-01 
35   20       1.40653513807679120e+00 
36   20       4.01124635731863910e-01 
37   20       9.29660284419656091e-01 
38   20      -1.60580220462074874e+00 
39   20       6.61536244123409278e-01 
40   20       2.13850225382851367e+00 
1   21       5.41139413417131454e-01 
2   21      -1.54087718185788458e+00 
3   21      -2.03142794821833866e-01 
4   21      -4.99965221779342939e-01 
5   21       3.83023912780828868e-01 
6   21       4.12035378111750450e-01 
7   21       4.05492550516439731e-01 
8   21      -3.63780750881015302e-01 
9   21      -5.99272040041945675e-01 
10   21      -5.89588991418034225e-01 
11   21       8.53540834064481224e-01 
12   21      -1.85300807141959534e+00 
13   21      -2.07303159647624718e-01 
14   21       2.70378202689915859e-01 
15   21      -6.52771012058928068e-01 
16   21       4.77227285007673252e-01 
17   21      -7.13196500274540235e-02 
18   21      -9.38301288268817091e-01 
19   21       1.61363534650636020e-01 
20   21      -2.68182881913388238e-01 
21   21      -4.09872647756741926e-01 
22   21      -7.11322710526138713e-01 
23   21       6.14454835840974739e-02 
24   21      -1.84612923609859458e+00 
25   21      -3.98333119478131548e-01 
26   21      -5.43548121612386970e-01 
27   21      -9.11898504288659484e-01 
28   21       6.52698590995240524e-01 
29   21      -7.34271258590912024e-01 
30   21       5.40633089814446022e-01 
31   21       9.75840884581828161e-01 
32   21      -1.56870414727050961e-01 
33   21       2.77799321723374515e-01 
34   21       6.39517303110873181e-01 
35   21      -8.09780150606095872e-02 
36   21       5.40870143763935496e-01 
37   21      -1.26256484462795782e+00 
38   21       1.11042384067015965e+00 
39   21      -9.89562679068363482e-01 
40   21      -1.82883593420384338e+00 
1   22       1.38449851135426183e+00 
2   22      -6.27267940412558622e-02 
3   22       4.48921120019169562e-01 
4   22      -3.63258472467671567e-01 
5   22      -1.02058339313102064e+00 
6   22      -3.07298853928706528e+00 
7   22       6.26278997699138862e-01 
8   22      -2.86684533211224724e-01 
9   22      -1.97342906850919292e-01 
10   22       4.05605372640548523e-01 
11   22      -1.41934846053478991e+00 
12   22      -7.29445237982781491e-01 
13   22       1.14732784158512824e+00 
14   22       5.97864632881485614e-01 
15   22      -1.28128125909252644e+00 
16   22      -2.20326424216989691e+00 
17   22      -5.71246319791094526e-01 
18   22       2.13996478716457078e-01 
19   22       9.42376933302383923e-01 
20   22       9.37254906669183624e-02 
21   22      -1.12231172152804226e+00 
22   22       3.06157818568222884e-01 
23   22      -1.17233486755328742e+00 
24   22      -9.60966563537668628e-01 
25   22      -6.53735016358027776e-01 
26   22      -1.22939364899915549e+00 
27   22      -2.70965129963311457e-01 
28   22      -8.99950067342813131e-01 
29   22      -2.85686137601833590e-01 
30   22      -4.62421544353746883e-01 
31   22      -4.09785214740165382e-01 
32   22      -5.03538984131873368e-01 
33   22       1.23329711264413522e+00 
34   22       6.10305217573949843e-01 
35   22       5.90721550526544445e-02 
36   22      -1.46694673042824730e+00 
37   22      -1.62580326639623363e+00 
38   22      -1.96475241539089396e+00 
39   22       2.60519575087391564e+00 
40   22       9.72374811203577161e-01 
1   23       2.56980969704259876e-01 
2   23      -9.74240459346947141e-01 
3   23      -1.14636438588741640e+00 
4   23       5.47639504480464834e-01 
5   23       1.56508398508242763e+00 
6   23      -1.69334366132081326e+00 
7   23      -4.49397359860250312e-01 
8   23      -8.42920727534208075e-02 
9   23      -1.99199717760326922e+00 
10   23       8.41245666352581134e-01 
11   23      -4.14658917455485498e-01 
12   23       1.91218083836386099e+00 
13   23      -3.90898732233772195e-01 
14   23       4.09182082547354942e-01 
15   23      -1.14242816812144476e+00 
16   23      -6.24863775636728458e-01 
17   23      -1.16872284991455100e+00 
18   23       3.92575281297535550e-01 
19   23       1.30183950434961337e+00 
20   23      -5.93641761840395521e-01 
21   23       4.36375391562131842e-01 
22   23      -5.04362480525809787e-01 
23   23       1.02107713303417516e-01 
24   23       1.19625054082236582e+00 
25   23       1.20282816361650183e-01 
26   23      -1.03684339707675544e+00 
27   23      -8.57103238887738095e-01 
28   23      -1.69874304044057678e-01 
29   23      -1.91668280046304845e-01 
30   23      -8.65815207739936699e-01 
31   23       1.80664133586186437e-01 
32   23       1.26652847557264892e+00 
33   23      -2.51169287438378408e-01 
34   23      -2.04570050663136355e-01 
35   23      -2.20152190603627140e+00 
36   23      -7.74513104760749194e-01 
37   23      -1.39327258405515120e+00 
38   23      -3.86234650983644512e-01 
39   23       5.25586350117865142e-01 
40   23       1.52326927539059631e+00 
1   24       1.79849445190825641e+00 
2   24      -1.16884266969786890e-01 
3   24      -3.20196186885630119e-01 
4   24       8.17516283237215258e-01 
5   24       4.90159188823981740e-01 
6   24       7.65251160015634757e-01 
7   24       7.78279045311317197e-01 
8   24      -1.48030517341862700e+00 
9   24       5.40363959609767019e-01 
10   24      -9.15390218682469170e-02 
11   24      -7.60252376958567622e-01 
12   24      -6.93595443143501522e-01 
13   24       1.28145775266336015e+00 
14   24      -8.09737610765751570e-01 
15   24      -1.23681835282284802e+00 
16   24       2.14686448131778895e-01 
17   24       2.01077176753361142e+00 
18   24       2.55544334123087510e-02 
19   24       3.08299436246859127e-01 
20   24      -9.38247210627779271e-01 
21   24       1.67421595177913107e+00 
22   24       1.24988173845022893e-01 
23   24       5.30101256550694622e-01 
24   24      -9.52068223401487335e-01 
25   24       8.54042818220477562e-01 
26   24       3.89145734517764130e-01 
27   24      -1.15600108495170417e+00 
28   24       3.97401269892483783e-02 
29   24      -4.50598603707587420e-01 
30   24       1.09247941665664525e-01 
31   24      -2.50552842446153834e-01 
32   24      -1.89901654648676421e-01 
33   24      -1.03291351430083611e+00 
34   24      -3.23291921419398387e-01 
35   24       7.66526854105447186e-01 
36   24       1.74467317966904734e+00 
37   24      -1.16051992616979360e+00 
38   24       2.37741185238417074e+00 
39   24       1.52607796250707417e+00 
40   24       1.68507500217456085e-01 
1   25      -3.01206529323698902e-01 
2   25      -6.98654270705207359e-01 
3   25       8.32770575778025268e-01 
4   25      -6.94605254222803725e-01 
5   25      -4.61882993134124620e-01 
6   25       8.83617136720827534e-01 
7   25       4.35944182163725269e-01 
8   25       8.96747363054463453e-01 
9   25       5.04732027944892137e-01 
10   25      -4.00897135515840719e-01 
11   25      -5.13848012099213602e-01 
12   25       7.96367596233901409e-01 
13   25      -6.71190164007305023e-01 
14   25       1.18665904286638191e+00 
15   25       7.90701970703587165e-01 
16   25       2.87721494673668365e-01 
17   25       3.22611456308685186e-03 
18   25       3.65617187472921767e-01 
19   25       3.52667781833885075e+00 
20   25      -1.12436662512024124e-01 
21   25      -1.55659393493827558e+00 
22   25       1.91510229545677446e+00 
23   25       6.09846053238310426e-01 
24   25      -6.47911623091644850e-01 
25   25       2.61733491205072744e+00 
26   25       5.50950420745412339e-01 
27   25       2.94203684446697533e-01 
28   25      -7.77843798253387564e-01 
29   25      -1.06493009609003964e+00 
30   25      -1.76841403231105598e+00 
31   25      -4.22919535898429677e-01 
32   25      -1.05310242919017716e+00 
33   25       6.47755244971728650e-01 
34   25      -3.17628188513512488e-01 
35   25       1.76899156918657408e+00 
36   25       1.51058239519276194e+00 
37   25       1.64010316907443360e-01 
38   25      -2.82763714505208319e-01 
39   25       1.15216580794838541e+00 
40   25      -1.14650763211670315e+00 
1   26       6.73698696541777498e-01 
2   26      -6.69112995372735941e-01 
3   26      -4.00322700634663298e-01 
4   26      -6.71802427219057918e-01 
5   26       5.75629016583150466e-01 
6   26      -7.78093515420813508e-01 
7   26      -1.06356120288466571e+00 
8   26       5.52978301286997875e-01 
9   26      -4.23428837836487049e-01 
10   26       3.61587164848055476e-01 
11   26      -3.51889241946105602e-01 
12   26       2.69540707973063121e-01 
13   26      -2.56444935612108660e+00 
14   26       4.65864128078825990e-01 
15   26       1.85356094249384773e+00 
16   26       1.03928933984721206e+00 
17   26       9.10896579458498223e-01 
18   26      -2.39731286601328780e-01 
19   26       1.80998079792441036e-01 
20   26       2.44249546813346985e-01 
21   26       9.63928845397176853e-02 
22   26      -8.30468497619260670e-01 
23   26      -3.52252185662263184e-01 
24   26      -1.74775039544098648e-01 
25   26      -4.80653419481012645e-01 
26   26       8.36836711417678347e-01 
27   26       2.53834934138902213e+00 
28   26      -1.32333425148040118e+00 
29   26       1.28340263343307448e-01 
30   26      -1.44237915336113764e+00 
31   26       1.30250820960713720e+00 
32   26       1.40991150001902366e+00 
33   26      -1.66254297035808052e+00 
34   26       1.94368447839214387e+00 
35   26      -1.08469845223761552e+00 
36   26       2.26818975021419567e-01 
37   26       1.09892920248474235e+00 
38   26       1.47188752472256656e-01 
39   26       2.29566581301284245e+00 
40   26       2.75255787759548953e+00 
1   27       1.38317724815552795e-01 
2   27      -1.90706620837311958e+00 
3   27      -3.64992993373477959e-01 
4   27      -8.48110011574820910e-01 
5   27      -7.64753364521137846e-01 
6   27      -1.12769481453693254e+00 
7   27       7.81888950833452973e-02 
8   27       2.10662965570577754e+00 
9   27      -7.15847393133823506e-01 
10   27      -2.80515661741481015e-01 
11   27       1.16647500451601571e+00 
12   27       1.21282141876425875e+00 
13   27       4.85540987057964279e-01 
14   27       1.02601648619598418e+00 
15   27       8.70726021083679247e-01 
16   27      -3.81757878508905191e-01 
17   27       4.28893027102995872e-01 
18   27      -2.99130520022907631e-01 
19   27      -8.99868519999531880e-01 
20   27       6.34745461257071208e-01 
21   27       6.74535908285647245e-02 
22   27      -1.87120544841388070e-01 
23   27       2.91727455002394387e-01 
24   27       9.87694691911684020e-01 
25   27       3.92934569877554429e-01 
26   27       1.94551374026049939e-01 
27   27       2.79784956482345470e-01 
28   27       5.12203118444502156e-02 
29   27      -7.74466243939415766e-01 
30   27       7.86781710402894463e-01 
31   27       1.40890695099349617e+00 
32   27      -5.34098583791872250e-01 
33   27       1.92775842981169099e+00 
34   27      -1.76247547257614712e-01 
35   27      -2.43750362486459482e-01 
36   27      -8.97600658709958976e-01 
37   27      -7.92336865107049482e-01 
38   27      -9.52974690953378611e-01 
39   27       3.53905454236425943e-01 
40   27       1.59702632391115706e+00 
1   28       5.27470251141924584e-01 
2   28       8.54202301151846921e-01 
3   28       1.34184652204595367e+00 
4   28      -2.49953344192970617e+00 
5   28      -1.67559322169703900e-01 
6   28       3.53015314527152013e-01 
7   28       7.17253725490155758e-01 
8   28      -1.30485163873161158e+00 
9   28      -1.00586895174407642e+00 
10   28       7.90683469747322509e-01 
11   28      -1.16571328658855514e-01 
12   28       5.53089887878288167e-01 
13   28      -9.60644804719149259e-01 
14   28      -1.63380239579278630e+00 
15   28       7.61200281866833972e-01 
16   28       1.19330715170307022e+00 
17   28       1.63205721592087838e+00 
18   28      -1.53218960296575646e+00 
19   28      -1.33685240472023126e+00 
20   28      -1.47384649800852530e+00 
21   28      -4.16630742964495260e-02 
22   28      -6.15507335128412714e-01 
23   28       1.31415480877584456e+00 
24   28      -1.45506658248223952e+00 
25   28      -1.74234922059761277e+00 
26   28       2.05304683292191370e-01 
27   28       1.19293039852572114e+00 
28   28      -8.02823098305938010e-01 
29   28      -1.26563642223796990e+00 
30   28      -1.49331353183560750e-01 
31   28      -1.63644667825389445e+00 
32   28       1.73443460436582229e-02 
33   28       8.28387265991092470e-01 
34   28       2.17738348381478097e-01 
35   28      -1.90924490126272506e+00 
36   28      -5.36821821287497780e-01 
37   28      -3.02032298446366310e-01 
38   28       1.81358213090433340e+00 
39   28       9.14851752841074117e-01 
40   28      -5.70807159144771370e-02 
1   29       1.30936207782941993e+00 
2   29      -1.04473584840962763e+00 
3   29      -3.48266810335265353e-01 
4   29       1.41256116072929405e+00 
5   29       1.50238292858279499e+00 
6   29       7.30375994537287077e-01 
7   29       4.90752271903369786e-01 
8   29      -5.86126139576402583e-01 
9   29       7.44899650424278081e-01 
10   29      -8.28154969805656171e-01 
11   29       5.74520731649429628e-01 
12   29       2.81841382645261485e-01 
13   29       1.13930626903050558e+00 
14   29      -4.25867845571709536e-01 
15   29       6.36139891402967450e-01 
16   29       7.93178081389573575e-01 
17   29      -8.98377114100747276e-01 
18   29       1.56244844277549394e-01 
19   29       1.59725391127757077e+00 
20   29       1.12439710593740930e-01 
21   29      -3.08624934547028384e-01 
22   29       4.56659609115150633e-01 
23   29      -2.75100830567669319e-01 
24   29       4.43143608783786891e-01 
25   29      -1.34765126722849987e-01 
26   29      -1.83282297386863219e-02 
27   29       4.60789425007211817e-01 
28   29       1.36231546434230211e+00 
29   29       4.51874567380708636e-01 
30   29       1.64838365704616940e+00 
31   29      -2.02836196085276477e+00 
32   29      -4.49256811444910198e-01 
33   29       2.35993201711949263e-01 
34   29      -8.35172963783280986e-01 
35   29      -1.27595516340821846e+00 
36   29       6.17035081280587927e-01 
37   29       6.12701503707273498e-01 
38   29       2.89381155294880898e-01 
39   29       3.95316122368463418e-01 
40   29      -8.70562842057009734e-01 
1   30      -4.97688378204225013e-01 
2   30      -1.06671817056152585e-01 
3   30      -6.87829135427858951e-01 
4   30       3.31880876981421824e-01 
5   30       2.36522474259891258e+00 
6   30      -4.82230718469758013e-01 
7   30       6.47448206700765749e-01 
8   30      -1.03442471723416607e+00 
9   30       1.33955459790411679e+00 
10   30      -9.69140355828829736e-01 
11   30       2.08715601272198376e-01 
12   30      -6.18593355360547270e-01 
13   30       5.12015643736454362e-01 
14   30       1.13541711008200586e-02 
15   30      -4.39886262667008171e-02 
16   30       2.94909254131558773e+00 
17   30      -6.30046193527348364e-01 
18   30      -4.68793995381930340e-02 
19   30       2.68302551077173135e+00 
20   30      -1.14669068617904335e+00 
21   30       5.52998745466265484e-01 
22   30      -1.07645840909249890e+00 
23   30       1.03063958408679124e+00 
24   30       3.27529812476209714e-01 
25   30       6.52124811269931159e-01 
26   30      -2.78861116387822183e-01 
27   30       2.45191593724021106e-01 
28   30       1.47251347882157702e+00 
29   30      -2.27510154234740147e+00 
30   30      -1.63329072492124205e+00 
31   30       4.15468936978757197e-01 
32   30      -6.54768851858014478e-01 
33   30      -2.96348315406598284e-01 
34   30      -1.49691887644755428e+00 
35   30      -9.04834447327701796e-01 
36   30      -4.04181545031202016e-01 
37   30      -7.25798166048958859e-01 
38   30      -8.66485025359611472e-01 
39   30      -4.21846780441971658e-01 
40   30      -9.42666324280615586e-01 
