40   10   400
1   1       2.69648641716597859e-01 
2   1       4.94287055379410756e-01 
3   1      -1.48312102251589861e+00 
4   1      -1.02026438568296518e+00 
5   1      -4.46995010744527521e-01 
6   1       1.09658591327602625e-01 
7   1       1.12873645202828277e+00 
8   1      -2.89963040800027938e-01 
9   1       1.26155071814114828e+00 
10   1       4.75424811707271355e-01 
11   1       1.17411675149371497e+00 
12   1       1.26947068043645916e-01 
13   1      -6.56815928948082495e-01 
14   1      -1.48139907157877992e+00 
15   1       1.55488995903893978e-01 
16   1       8.18551368521000522e-01 
17   1      -2.92588130834394000e-01 
18   1      -5.40786416488525767e-01 
19   1      -3.08641815280113085e-01 
20   1      -1.09659330152547208e+00 
21   1      -4.93009815316450606e-01 
22   1      -1.80739356415037467e-01 
23   1       4.58411057137050396e-02 
24   1      -6.37831200223326483e-02 
25   1       6.11335194065235954e-01 
26   1       1.09317693774870342e-01 
27   1       1.81401545028037559e+00 
28   1       3.12023828329273611e-01 
29   1       1.80449377172418690e+00 
30   1      -7.23121479570418058e-01 
31   1       5.26547037749559022e-01 
32   1      -2.60250861706116776e-01 
33   1       6.00142508808629960e-01 
34   1       5.93930795648752730e-01 
35   1      -2.18602161274823548e+00 
36   1      -1.32704314952029101e+00 
37   1      -1.44101359763891446e+00 
38   1       4.01844497039814952e-01 
39   1       1.47020128084851942e+00 
40   1      -3.26814228785906158e-01 
1   2       8.12323004640795987e-01 
2   2       5.45540103526115816e-01 
3   2      -1.05163230952084841e+00 
4   2       3.97466995795308642e-01 
5   2      -7.51894738681891606e-01 
6   2       1.51626689664595271e+00 
7   2      -3.25665091944807444e-02 
8   2       1.63599965727829244e+00 
9   2      -4.25058490610030815e-01 
10   2       5.89433366718220664e-01 
11   2      -6.27912257183249611e-02 
12   2      -2.02195893005178950e+00 
13   2      -9.82131525779047831e-01 
14   2       6.12511298166949270e-01 
15   2      -5.48861299886773610e-02 
16   2      -1.11873200245272497e+00 
17   2      -6.26378538867138679e-01 
18   2       2.49517740562795132e-01 
19   2      -9.93019006549600625e-01 
20   2       9.74950224811311550e-01 
21   2      -6.40709506726057532e-01 
22   2       1.80886262051925395e+00 
23   2      -1.07986625073882814e+00 
24   2       1.99189444075264455e-01 
25   2      -1.52102656176895468e+00 
26   2      -7.23631125289072807e-01 
27   2      -5.93250315010803608e-01 
28   2       4.01336339818801069e-01 
29   2       9.42133319236942435e-01 
30   2       3.00485967595730263e-01 
31   2      -3.73070658631004248e-01 
32   2       8.15488508092498399e-01 
33   2       7.98886992156715880e-01 
34   2       1.20205281956355367e-01 
35   2       5.71247629714476068e-01 
36   2       4.12796010311391848e-01 
37   2      -9.86961883351521907e-01 
38   2       7.59568325914783404e-01 
39   2      -6.57201299098350344e-01 
40   2      -6.03918481376169214e-01 
1   3       1.76946822329411252e-01 
2   3      -3.07503469862750567e-01 
3   3      -1.31820352915893585e-01 
4   3       5.95357673884101768e-01 
5   3       1.04683278430523186e+00 
6   3      -1.97958632611841989e-01 
7   3       3.27678163907200726e-01 
8   3      -2.38301504589733010e-01 
9   3       2.29596893220313791e-01 
10   3       4.39997904822629349e-01 
11   3      -6.16865928889227422e-01 
12   3       2.74836786911666187e-01 
13   3       6.01102032468295078e-01 
14   3       9.23079512389622658e-02 
15   3       1.72984139157236427e+00 
16   3      -6.08557444738319409e-01 
17   3      -7.37059771697805455e-01 
18   3      -1.74987930638762545e+00 
19   3       9.10482579647111989e-01 
20   3       8.67082552947325391e-01 
21   3      -7.98928390580370962e-02 
22   3       8.98475989377141793e-01 
23   3       1.83703423091249041e-01 
24   3       2.90790134884453599e-01 
25   3       1.12944717021051230e-01 
26   3       4.39952188872439920e-01 
27   3       1.01662443700341151e-01 
28   3       2.78733522781343535e+00 
29   3      -1.16666503019464107e+00 
30   3      -1.85429908268969390e+00 
31   3      -1.14068114466963233e+00 
32   3      -1.09334345623960449e+00 
33   3      -4.33609296474823602e-01 
34   3      -1.68469878275448348e-01 
35   3      -2.18533560026580531e-01 
36   3       5.41334435719376117e-01 
37   3       3.89266203843263880e-01 
38   3       7.51228984688332879e-01 
39   3       1.77825589929100447e+00 
40   3       1.22306255173380696e+00 
1   4      -1.28325610460476658e+00 
2   4      -2.32895451628334182e+00 
3   4       9.01931466951714444e-01 
4   4      -1.83563868373519234e+00 
5   4       6.67569114368657540e-02 
6   4       3.54794858375770059e-02 
7   4       2.22716807816787155e+00 
8   4      -6.92142540220483660e-02 
9   4      -5.07323064614498387e-01 
10   4       2.35809672576244050e-01 
11   4       2.45804851893843240e-01 
12   4       7.00452094168079048e-02 
13   4      -6.08580510079949288e-01 
14   4      -1.22259338018662955e+00 
15   4       3.16500360797716096e-01 
16   4      -1.34286923662193014e+00 
17   4      -1.03218434407217119e+00 
18   4       1.33121588506497335e+00 
19   4      -4.18903195029848852e-01 
20   4      -1.40321722056366061e-01 
21   4       8.99822328897223467e-01 
22   4      -3.00111005615675885e-01 
23   4       1.02936571210309924e+00 
24   4      -3.45065971567320995e-01 
25   4       1.01280186426298013e+00 
26   4       6.29334584931418806e-01 
27   4      -2.13015082641054704e-01 
28   4      -8.65697308360523721e-01 
29   4      -1.04310830133762678e+00 
30   4      -2.70068812648098844e-01 
31   4      -4.38141355602143678e-01 
32   4      -4.08674314796325655e-01 
33   4       9.83545235205556256e-01 
34   4      -2.97697144009373027e-01 
35   4       1.14367891077095751e+00 
36   4      -5.31620117507069279e-01 
37   4       9.72565728008653152e-01 
38   4      -5.22250484993548869e-01 
39   4       1.76577794642316321e-01 
40   4       9.70737823554688517e-01 
1   5      -4.13972274974230170e-01 
2   5      -4.38270518204901538e-01 
3   5       2.00339061086226478e+00 
4   5       9.50993499549085408e-01 
5   5      -4.32003843727780446e-01 
6   5       6.48940737363586706e-01 
7   5      -3.60076301153971601e-01 
8   5       7.05885019349415832e-01 
9   5       1.41584906843658542e+00 
10   5      -1.60451566859706141e+00 
11   5       1.02885306900202567e+00 
12   5       1.45796778066198551e+00 
13   5       4.74713232748285308e-02 
14   5       1.74625671011842054e+00 
15   5       1.55387514201181076e-01 
16   5      -1.23711968466262956e+00 
17   5      -2.19349427883460679e+00 
18   5      -3.33407067263733481e-01 
19   5       7.13543302564058957e-01 
20   5       3.17407733234496947e-01 
21   5       4.13610390293129626e-01 
22   5      -5.77085583637939603e-01 
23   5       1.44001801404464752e-01 
24   5      -1.63866572993388715e+00 
25   5      -7.60089998635267272e-01 
26   5      -8.18793096250256869e-01 
27   5       5.19728888133619282e-01 
28   5      -1.41600590972046914e-02 
29   5      -1.15552936828724095e+00 
30   5      -9.52491609816555861e-03 
31   5      -6.89810537631709519e-01 
32   5      -6.66699153601164385e-01 
33   5       8.64149421165126386e-01 
34   5       1.13419436226867745e-01 
35   5       3.98362846165994267e-01 
36   5       8.83969890234670652e-01 
37   5       1.80257693987046774e-01 
38   5       5.50854522057470097e-01 
39   5       6.82964276111937107e-01 
40   5       1.17060866003560404e+00 
1   6       4.75860587278342573e-01 
2   6       1.41223268644450384e+00 
3   6       2.26084843095981473e-02 
4   6      -4.78694102202058894e-02 
5   6       1.70133465427495900e+00 
6   6      -5.09711712767426550e-01 
7   6      -2.85496014432120660e-03 
8   6       9.19867079806395482e-01 
9   6       1.49808732632761177e-01 
10   6       1.40493344567697664e+00 
11   6       1.03412153956971009e+00 
12   6       2.91570288770805708e-01 
13   6      -7.77698538311603405e-01 
14   6       5.66696097539304722e-01 
15   6      -1.38262115948035214e+00 
16   6       2.44474675589887752e-01 
17   6       8.08438803167691233e-01 
18   6       2.13041698417000464e-01 
19   6       8.79677164233488851e-01 
20   6       2.03887625141404216e+00 
21   6       9.23932448688936869e-01 
22   6       2.66917446595828001e-01 
23   6       6.41661506421779326e-01 
24   6       4.25485355625295547e-01 
25   6      -1.31472350348688360e+00 
26   6      -4.16411219699433843e-01 
27   6       1.22468782478533678e+00 
28   6      -4.35842055463326397e-02 
29   6       5.82423277447969179e-01 
30   6      -1.00650007461933555e+00 
31   6       6.45167423111044080e-02 
32   6       6.00291949185783547e-01 
33   6      -1.36151495486456686e+00 
34   6       3.47592631960064513e-01 
35   6      -1.81843218459333572e-01 
36   6      -9.39534765941491545e-01 
37   6      -3.75331888191715937e-02 
38   6      -1.89630449362244979e+00 
39   6      -2.12797676818267378e+00 
40   6      -1.17692333071495758e+00 
1   7      -9.90532220484175996e-01 
2   7      -1.17303232726740503e+00 
3   7      -1.72542778952869180e+00 
4   7       2.88228089665010567e-01 
5   7      -1.59418372026680655e+00 
6   7       1.10218849223381196e-01 
7   7       7.87066676357980222e-01 
8   7      -2.22678631383613473e-03 
9   7       9.31087600588035302e-02 
10   7      -3.78157056589757512e-01 
11   7      -1.48267611105900343e+00 
12   7      -4.38185853582947968e-02 
13   7       9.60825211682114655e-01 
14   7       1.73824493261334045e+00 
15   7      -4.30206242426100449e-01 
16   7      -1.62732273646978021e+00 
17   7       1.66347492460065527e-01 
18   7       3.76265910450718832e-01 
19   7      -2.26950464706232535e-01 
20   7      -1.14891228961878999e+00 
21   7       2.02433259954386990e+00 
22   7      -2.35952351095849133e+00 
23   7      -5.09972045799939044e-01 
24   7      -1.32162559081010156e+00 
25   7      -6.36128249660041445e-01 
26   7       3.17851419059696716e-01 
27   7       1.38047974449525851e-01 
28   7      -7.10735074811225997e-01 
29   7       7.77003526719787896e-01 
30   7       6.22393924172012891e-01 
31   7       6.47380884516046806e-01 
32   7      -4.25631681660351369e-01 
33   7       1.04858076053644145e+00 
34   7       6.60707086367174901e-01 
35   7       2.50877247318510577e+00 
36   7       1.06345963904102292e+00 
37   7       1.15692165332739361e+00 
38   7       5.29788273256128414e-02 
39   7      -1.28838600294029137e+00 
40   7      -3.71221247497632245e-01 
1   8      -7.57791916498818607e-01 
2   8      -5.63968917027426797e-01 
3   8       5.55138560001846360e-01 
4   8      -5.56778063950365665e-01 
5   8      -8.95113135482435651e-01 
6   8      -4.09327721634070385e-01 
7   8      -1.60886766738442877e-01 
8   8       4.09334430455455311e-01 
9   8      -9.52635997119977485e-01 
10   8       3.17317472324611882e-01 
11   8       7.80200809780775273e-02 
12   8       1.32438544916022360e+00 
13   8      -2.13170486421585925e-01 
14   8      -1.34478644555426408e-01 
15   8      -1.17135581792029608e+00 
16   8      -1.38526268319523971e+00 
17   8       3.10508318600498712e-01 
18   8      -2.49489064473938899e-01 
19   8       5.03744055737328167e-01 
20   8      -8.92661403477037929e-01 
21   8       1.90851233035822232e+00 
22   8       1.22230700504886741e-01 
23   8       1.04703326689793430e+00 
24   8      -2.26920199323936894e-01 
25   8      -1.62501941548495010e-01 
26   8       6.90051897857806296e-01 
27   8       5.55756771412105000e-01 
28   8      -1.12025500148841051e+00 
29   8      -1.53269301392950918e+00 
30   8      -1.09786776954066911e+00 
31   8      -1.41577332156794000e+00 
32   8       5.95705885660457596e-02 
33   8      -4.11250925532219702e-01 
34   8      -3.68010733040955218e-01 
35   8      -1.36096312939369390e+00 
36   8       7.79567428734972423e-01 
37   8       4.39411111553712042e-01 
38   8      -8.96224837412097214e-02 
39   8       1.02118011801418396e+00 
40   8      -8.73979465028903224e-01 
1   9       4.14700293047627455e-01 
2   9       3.48441199952281344e-01 
3   9       3.49254416663713763e-01 
4   9      -7.29247267629503426e-01 
5   9       3.26840248762991392e-01 
6   9      -5.14881632926475596e-01 
7   9      -8.96446150502486105e-01 
8   9      -1.20326818641501698e+00 
9   9       1.03781563948523958e+00 
10   9      -8.45944212336117829e-01 
11   9      -1.72913844259167698e-01 
12   9      -1.20865205474019932e+00 
13   9      -2.97126799995404367e-01 
14   9      -3.23203779594000684e+00 
15   9      -1.08695922946133039e+00 
16   9      -1.42643615947972324e+00 
17   9      -1.01445076770532117e+00 
18   9      -2.13267188307357941e-01 
19   9      -3.25347780360491112e-01 
20   9       1.94439779196628471e+00 
21   9      -5.71773218349456380e-01 
22   9      -2.50032278035043909e-01 
23   9      -1.56931547034069707e+00 
24   9      -4.77382663694066622e-01 
25   9      -1.33797665356225992e+00 
26   9       3.02990237881830930e-02 
27   9       8.53086767518578037e-01 
28   9       4.04253465109360166e-01 
29   9      -7.00620213418205462e-01 
30   9      -1.63054289274724895e+00 
31   9       1.46001318514264566e+00 
32   9       2.05004273293786676e+00 
33   9       1.20500599699388852e-01 
34   9      -9.89901604221186782e-01 
35   9       1.19777147431487685e+00 
36   9      -5.92656218169253624e-01 
37   9      -4.69809363224454490e-01 
38   9       8.86377377072693928e-01 
39   9      -1.38521980111083765e+00 
40   9      -1.95675395423191989e+00 
1   10       4.20683700201250010e-01 
2   10       4.00737998146962093e-01 
3   10       9.51421578641686583e-02 
4   10       4.96684391636530220e-01 
5   10       1.08224059616069535e+00 
6   10       9.70447788354571794e-01 
7   10      -5.68569570389605317e-01 
8   10       8.09972073318538377e-01 
9   10       1.73247371832087910e-01 
10   10      -5.05542568515378932e-01 
11   10      -1.19330579089020206e+00 
12   10       6.46970938881150204e-01 
13   10      -3.53622599299340701e-01 
14   10       4.64345266878230037e-02 
15   10      -7.92947502201807652e-01 
16   10      -1.55051447477956139e+00 
17   10       1.71586355268627672e-01 
18   10      -6.21391248043617617e-02 
19   10       1.19902787729196758e+00 
20   10       8.01704070327277418e-01 
21   10       1.05330457914954634e+00 
22   10      -7.48876752543158997e-01 
23   10      -9.36326497116020451e-01 
24   10      -1.26908677286849025e+00 
25   10       4.97980623046732296e-01 
26   10       2.78908112764392335e+00 
27   10       7.27572036915722808e-01 
28   10      -7.73064102152236532e-01 
29   10       8.36633754476153180e-01 
30   10      -1.12833031008360174e+00 
31   10      -1.42447009141638148e+00 
32   10       7.17442315507357598e-01 
33   10      -7.77905520185397603e-01 
34   10       3.15985880708604339e-01 
35   10       1.40653513807679120e+00 
36   10       4.01124635731863910e-01 
37   10       9.29660284419656091e-01 
38   10      -1.60580220462074874e+00 
39   10       6.61536244123409278e-01 
40   10       2.13850225382851367e+00 
