50   40   2000
1   1       5.37667139546100015e-01 
2   1       1.83388501459508646e+00 
3   1      -2.25884686100364807e+00 
4   1       8.62173320368120555e-01 
5   1       3.18765239858980809e-01 
6   1      -1.30768829630527339e+00 
7   1      -4.33592022305683555e-01 
8   1       3.42624466538649919e-01 
9   1       3.57839693972576045e+00 
10   1       2.76943702988487717e+00 
11   1      -1.34988694015652122e+00 
12   1       3.03492346633185450e+00 
13   1       7.25404224946105569e-01 
14   1      -6.30548731896561909e-02 
15   1       7.14742903826095843e-01 
16   1      -2.04966058299774628e-01 
17   1      -1.24144348216311914e-01 
18   1       1.48969760778546489e+00 
19   1       1.40903448980047918e+00 
20   1       1.41719241342961388e+00 
21   1       6.71497133608080499e-01 
22   1      -1.20748692268503777e+00 
23   1       7.17238651328838461e-01 
24   1       1.63023528916472915e+00 
25   1       4.88893770311789377e-01 
26   1       1.03469300991786017e+00 
27   1       7.26885133383237902e-01 
28   1      -3.03440924786015920e-01 
29   1       2.93871467096658068e-01 
30   1      -7.87282803758637573e-01 
31   1       8.88395631757641802e-01 
32   1      -1.14707010696915046e+00 
33   1      -1.06887045816803172e+00 
34   1      -8.09498694424875542e-01 
35   1      -2.94428416199489629e+00 
36   1       1.43838029281509838e+00 
37   1       3.25190539456197858e-01 
38   1      -7.54928319169703377e-01 
39   1       1.37029854009522789e+00 
40   1      -1.71151641885369799e+00 
41   1      -1.02242446085490893e-01 
42   1      -2.41447041607357943e-01 
43   1       3.19206739165501796e-01 
44   1       3.12858596637428432e-01 
45   1      -8.64879917324456460e-01 
46   1      -3.00512961962685586e-02 
47   1      -1.64879019209038302e-01 
48   1       6.27707287528726510e-01 
49   1       1.09326566903948397e+00 
50   1       1.10927329761439752e+00 
1   2      -8.63652821988714403e-01 
2   2       7.73590911304249257e-02 
3   2      -1.21411704361540917e+00 
4   2      -1.11350074148676437e+00 
5   2      -6.84932810334806449e-03 
6   2       1.53263030828474989e+00 
7   2      -7.69665913753681874e-01 
8   2       3.71378812760057742e-01 
9   2      -2.25584402271251927e-01 
10   2       1.11735613881446660e+00 
11   2      -1.08906429505223579e+00 
12   2       3.25574641649734667e-02 
13   2       5.52527021112223737e-01 
14   2       1.10061021788086633e+00 
15   2       1.54421189550395099e+00 
16   2       8.59311331754254587e-02 
17   2      -1.49159031063760938e+00 
18   2      -7.42301837259856656e-01 
19   2      -1.06158173331998640e+00 
20   2       2.35045722400204227e+00 
21   2      -6.15601881466894318e-01 
22   2       7.48076783703985115e-01 
23   2      -1.92418510588263564e-01 
24   2       8.88610425420720773e-01 
25   2      -7.64849236567874180e-01 
26   2      -1.40226896933875866e+00 
27   2      -1.42237592509149646e+00 
28   2       4.88193909859940656e-01 
29   2      -1.77375156618825219e-01 
30   2      -1.96053487807332810e-01 
31   2       1.41931015064254940e+00 
32   2       2.91584373984182521e-01 
33   2       1.97811053464360731e-01 
34   2       1.58769908997405929e+00 
35   2      -8.04465956349547096e-01 
36   2       6.96624415849607326e-01 
37   2       8.35088165072681909e-01 
38   2      -2.43715140377952194e-01 
39   2       2.15670086403744410e-01 
40   2      -1.16584393148204879e+00 
41   2      -1.14795277889859415e+00 
42   2       1.04874716016493980e-01 
43   2       7.22254032225001619e-01 
44   2       2.58549125261624146e+00 
45   2      -6.66890670701385524e-01 
46   2       1.87331024578939798e-01 
47   2      -8.24944253709554015e-02 
48   2      -1.93302291785098657e+00 
49   2      -4.38966153934773340e-01 
50   2      -1.79467884145512335e+00 
1   3       8.40375529753905393e-01 
2   3      -8.88032082329010319e-01 
3   3       1.00092833139322476e-01 
4   3      -5.44528929990547694e-01 
5   3       3.03520794649354275e-01 
6   3      -6.00326562133734143e-01 
7   3       4.89965321173947921e-01 
8   3       7.39363123604473982e-01 
9   3       1.71188778298155464e+00 
10   3      -1.94123535758265381e-01 
11   3      -2.13835526943993859e+00 
12   3      -8.39588747336613594e-01 
13   3       1.35459432800464374e+00 
14   3      -1.07215528838425156e+00 
15   3       9.60953869740566846e-01 
16   3       1.24049800003192517e-01 
17   3       1.43669662271893883e+00 
18   3      -1.96089999936503268e+00 
19   3      -1.97698225974150238e-01 
20   3      -1.20784548525979885e+00 
21   3       2.90800803072936187e+00 
22   3       8.25218894228490929e-01 
23   3       1.37897197791661408e+00 
24   3      -1.05818025798736159e+00 
25   3      -4.68615581100624123e-01 
26   3      -2.72469409250187478e-01 
27   3       1.09842461788862278e+00 
28   3      -2.77871932787638887e-01 
29   3       7.01541458163283504e-01 
30   3      -2.05181629991114933e+00 
31   3      -3.53849997774433267e-01 
32   3      -8.23586525156852711e-01 
33   3      -1.57705702279920157e+00 
34   3       5.07974650905945624e-01 
35   3       2.81984063670556173e-01 
36   3       3.34798822444514199e-02 
37   3      -1.33367794342810608e+00 
38   3       1.12749227834159016e+00 
39   3       3.50179410603311647e-01 
40   3      -2.99066030332982402e-01 
41   3       2.28897927516297749e-02 
42   3      -2.61995434966091956e-01 
43   3      -1.75021236844678962e+00 
44   3      -2.85650971595329817e-01 
45   3      -8.31366511567624311e-01 
46   3      -9.79206305167302116e-01 
47   3      -1.15640165566400221e+00 
48   3      -5.33557109315987432e-01 
49   3      -2.00263573588306043e+00 
50   3       9.64229422631627475e-01 
1   4       5.20060101455457557e-01 
2   4      -2.00278516425380776e-02 
3   4      -3.47710860284829587e-02 
4   4      -7.98163584564142381e-01 
5   4       1.01868528212857545e+00 
6   4      -1.33217479507734687e-01 
7   4      -7.14530163787158390e-01 
8   4       1.35138576842665681e+00 
9   4      -2.24771056052584101e-01 
10   4      -5.89029030720801261e-01 
11   4      -2.93753597735416094e-01 
12   4      -8.47926243637933896e-01 
13   4      -1.12012830124372775e+00 
14   4       2.52599969211830944e+00 
15   4       1.65549759288734566e+00 
16   4       3.07535159238251921e-01 
17   4      -1.25711835935205340e+00 
18   4      -8.65468030554803813e-01 
19   4      -1.76534114231450934e-01 
20   4       7.91416061628633982e-01 
21   4      -1.33200442131524732e+00 
22   4      -2.32986715580507608e+00 
23   4      -1.44909729283873934e+00 
24   4       3.33510833065805867e-01 
25   4       3.91353604432900959e-01 
26   4       4.51679418928237542e-01 
27   4      -1.30284653145720630e-01 
28   4       1.83689095861942125e-01 
29   4      -4.76153016619073832e-01 
30   4       8.62021611556922029e-01 
31   4      -1.36169447087075435e+00 
32   4       4.55029556444334349e-01 
33   4      -8.48709379933659025e-01 
34   4      -3.34886938964047698e-01 
35   4       5.52783345944550142e-01 
36   4       1.03909065350495600e+00 
37   4      -1.11763868326520810e+00 
38   4       1.26065870912089628e+00 
39   4       6.60143141046977688e-01 
40   4      -6.78655535426873346e-02 
41   4      -1.95221197898754362e-01 
42   4      -2.17606350143191934e-01 
43   4      -3.03107621351740908e-01 
44   4       2.30456244251052815e-02 
45   4       5.12903558487746991e-02 
46   4       8.26062790211595455e-01 
47   4       1.52697668673337272e+00 
48   4       4.66914435684700035e-01 
49   4      -2.09713338388736709e-01 
50   4       6.25190357087625714e-01 
1   5       1.83227263001436963e-01 
2   5      -1.02976754356662115e+00 
3   5       9.49221831131022542e-01 
4   5       3.07061919146703444e-01 
5   5       1.35174942099455658e-01 
6   5       5.15246335524848553e-01 
7   5       2.61406324055382666e-01 
8   5      -9.41485770955433732e-01 
9   5      -1.62337672803827743e-01 
10   5      -1.46054634331526184e-01 
11   5      -5.32011376808820713e-01 
12   5       1.68210359466317882e+00 
13   5      -8.75729346160017297e-01 
14   5      -4.83815050110121103e-01 
15   5      -7.12004549027422495e-01 
16   5      -1.17421233145681625e+00 
17   5      -1.92239517539274762e-01 
18   5      -2.74070229932602216e-01 
19   5       1.53007251442409609e+00 
20   5      -2.49024742513713787e-01 
21   5      -1.06421341288932680e+00 
22   5       1.60345729812004412e+00 
23   5       1.23467914689077785e+00 
24   5      -2.29626450963180490e-01 
25   5      -1.50615970397971899e+00 
26   5      -4.44627816446985402e-01 
27   5      -1.55941035724768945e-01 
28   5       2.76068253931536167e-01 
29   5      -2.61163645776478603e-01 
30   5       4.43421912904091331e-01 
31   5       3.91894209432449070e-01 
32   5      -1.25067890682640748e+00 
33   5      -9.47960922331432032e-01 
34   5      -7.41106093940411492e-01 
35   5      -5.07817550278173657e-01 
36   5      -3.20575506600239257e-01 
37   5       1.24690413616179510e-02 
38   5      -3.02917734140414563e+00 
39   5      -4.57014640871582556e-01 
40   5       1.24244840639073839e+00 
41   5      -1.06670139898474958e+00 
42   5       9.33728162671238482e-01 
43   5       3.50321001356111605e-01 
44   5      -2.90057637087263211e-02 
45   5       1.82452167505983420e-01 
46   5      -1.56505601415072504e+00 
47   5      -8.45394798177241946e-02 
48   5       1.60394635060288038e+00 
49   5       9.83477746401079517e-02 
50   5       4.13736134896146718e-02 
1   6      -7.34169112696738679e-01 
2   6      -3.08137300123199620e-02 
3   6       2.32347012624476768e-01 
4   6       4.26387557408945017e-01 
5   6      -3.72808741723504200e-01 
6   6      -2.36454583757186282e-01 
7   6       2.02369088660305341e+00 
8   6      -2.25835397049619147e+00 
9   6       2.22944568045689895e+00 
10   6       3.37563700613106421e-01 
11   6       1.00006081958912474e+00 
12   6      -1.66416447498706033e+00 
13   6      -5.90034564205221490e-01 
14   6      -2.78064163765309347e-01 
15   6       4.22715691220478307e-01 
16   6      -1.67020069785047043e+00 
17   6       4.71634326416302707e-01 
18   6      -1.21284719967445942e+00 
19   6       6.61900484246114168e-02 
20   6       6.52355888661373950e-01 
21   6       3.27059967177087518e-01 
22   6       1.08263350423675608e+00 
23   6       1.00607711081905138e+00 
24   6      -6.50907736597752584e-01 
25   6       2.57056157433968868e-01 
26   6      -9.44377806404218978e-01 
27   6      -1.32178852139256375e+00 
28   6       9.24825933493705898e-01 
29   6       4.98490752508133083e-05 
30   6      -5.49189146094066979e-02 
31   6       9.11127265653859819e-01 
32   6       5.94583697409052370e-01 
33   6       3.50201173874535199e-01 
34   6       1.25025122830499580e+00 
35   6       9.29789458557715665e-01 
36   6       2.39763257058580037e-01 
37   6      -6.90361103111225782e-01 
38   6      -6.51553641750280965e-01 
39   6       1.19210187053127004e+00 
40   6      -1.61183038867781070e+00 
41   6      -2.44619366359184569e-02 
42   6      -1.94884717689890086e+00 
43   6       1.02049801445265387e+00 
44   6       8.61716302393418454e-01 
45   6       1.16208348351385347e-03 
46   6      -7.08372131604801947e-02 
47   6      -2.48628392070327875e+00 
48   6       5.81172322675922781e-01 
49   6      -2.19243491996590478e+00 
50   6      -2.31928030664330231e+00 
1   7       7.99337102984396947e-02 
2   7      -9.48480983570505254e-01 
3   7       4.11490621423374170e-01 
4   7       6.76977805684029543e-01 
5   7       8.57732545205355246e-01 
6   7      -6.91159125382991402e-01 
7   7       4.49377623166850704e-01 
8   7       1.00633350315076475e-01 
9   7       8.26069998469923239e-01 
10   7       5.36157079925918767e-01 
11   7       8.97888425985075900e-01 
12   7      -1.31937867924580843e-01 
13   7      -1.47201456151267313e-01 
14   7       1.00777340530543857e+00 
15   7      -2.12365546241574998e+00 
16   7      -5.04586405514009906e-01 
17   7      -1.27059444980866010e+00 
18   7      -3.82584802707648441e-01 
19   7       6.48679262048620697e-01 
20   7       8.25727149241758163e-01 
21   7      -1.01494364268013748e+00 
22   7      -4.71069912683166558e-01 
23   7       1.37024874130050295e-01 
24   7      -2.91863375753573351e-01 
25   7       3.01818555261006316e-01 
26   7       3.99930942955802116e-01 
27   7      -9.29961558940129440e-01 
28   7      -1.76830265929231761e-01 
29   7      -2.13209459916153454e+00 
30   7       1.14536171051847413e+00 
31   7      -6.29090760994155507e-01 
32   7      -1.20384997400221838e+00 
33   7      -2.53944683422811790e-01 
34   7      -1.42864686463209756e+00 
35   7      -2.08576177016002694e-02 
36   7      -5.60664996528184578e-01 
37   7       2.17777870918415406e+00 
38   7       1.13846538732959512e+00 
39   7      -2.49688650318450200e+00 
40   7       4.41326931727608507e-01 
41   7      -1.39813787581107407e+00 
42   7      -2.55055179880805782e-01 
43   7       1.64404073318728583e-01 
44   7       7.47734028808122564e-01 
45   7      -2.73046949402906858e-01 
46   7       1.57630014654607509e+00 
47   7      -4.80937151778845218e-01 
48   7       3.27512120829685782e-01 
49   7       6.64734120627594516e-01 
50   7       8.51885927211602362e-02 
1   8       8.80952785381047820e-01 
2   8       3.23213137847597476e-01 
3   8      -7.84146183664087504e-01 
4   8      -1.80537335138608968e+00 
5   8       1.85859294855570512e+00 
6   8      -6.04530088774459018e-01 
7   8       1.03359722310648050e-01 
8   8       5.63166955145977810e-01 
9   8       1.13596996734001740e-01 
10   8      -9.04726212798031781e-01 
11   8      -4.67714582451856320e-01 
12   8      -1.24889947223107006e-01 
13   8       1.47895849150403014e+00 
14   8      -8.60815690006961010e-01 
15   8       7.84668467287821469e-01 
16   8       3.08623139948529523e-01 
17   8      -2.33860042129152873e-01 
18   8      -1.05697274596013102e+00 
19   8      -2.84140954626163900e-01 
20   8      -8.66902824593051291e-02 
21   8      -1.46939507448635709e+00 
22   8       1.92182244870785474e-01 
23   8      -8.22293276290175124e-01 
24   8      -9.42405879597235097e-02 
25   8       3.36213340954240270e-01 
26   8      -9.04654059246837172e-01 
27   8      -2.88256361205696421e-01 
28   8       3.50062757534177815e-01 
29   8      -1.83585914250430493e+00 
30   8       1.03597590824548047e+00 
31   8       2.42446114493936449e+00 
32   8       9.59400509407975499e-01 
33   8      -3.15771995009408502e-01 
34   8       4.28622679859395950e-01 
35   8      -1.03598477851339288e+00 
36   8       1.87786546049585823e+00 
37   8       9.40704403352131791e-01 
38   8       7.87345779935246237e-01 
39   8      -8.75874261956672395e-01 
40   8       3.19949134382331246e-01 
41   8      -5.58294284850903599e-01 
42   8      -3.11429418546894599e-01 
43   8      -5.70009916642185699e-01 
44   8      -1.02573361562871268e+00 
45   8      -9.08745586874325162e-01 
46   8      -2.09897334055590801e-01 
47   8      -1.69886408417261037e+00 
48   8       6.07600575846083957e-01 
49   8      -1.17798289267962458e-01 
50   8       6.99160333644166743e-01 
1   9       2.69648641716597859e-01 
2   9       4.94287055379410756e-01 
3   9      -1.48312102251589861e+00 
4   9      -1.02026438568296518e+00 
5   9      -4.46995010744527521e-01 
6   9       1.09658591327602625e-01 
7   9       1.12873645202828277e+00 
8   9      -2.89963040800027938e-01 
9   9       1.26155071814114828e+00 
10   9       4.75424811707271355e-01 
11   9       1.17411675149371497e+00 
12   9       1.26947068043645916e-01 
13   9      -6.56815928948082495e-01 
14   9      -1.48139907157877992e+00 
15   9       1.55488995903893978e-01 
16   9       8.18551368521000522e-01 
17   9      -2.92588130834394000e-01 
18   9      -5.40786416488525767e-01 
19   9      -3.08641815280113085e-01 
20   9      -1.09659330152547208e+00 
21   9      -4.93009815316450606e-01 
22   9      -1.80739356415037467e-01 
23   9       4.58411057137050396e-02 
24   9      -6.37831200223326483e-02 
25   9       6.11335194065235954e-01 
26   9       1.09317693774870342e-01 
27   9       1.81401545028037559e+00 
28   9       3.12023828329273611e-01 
29   9       1.80449377172418690e+00 
30   9      -7.23121479570418058e-01 
31   9       5.26547037749559022e-01 
32   9      -2.60250861706116776e-01 
33   9       6.00142508808629960e-01 
34   9       5.93930795648752730e-01 
35   9      -2.18602161274823548e+00 
36   9      -1.32704314952029101e+00 
37   9      -1.44101359763891446e+00 
38   9       4.01844497039814952e-01 
39   9       1.47020128084851942e+00 
40   9      -3.26814228785906158e-01 
41   9       8.12323004640795987e-01 
42   9       5.45540103526115816e-01 
43   9      -1.05163230952084841e+00 
44   9       3.97466995795308642e-01 
45   9      -7.51894738681891606e-01 
46   9       1.51626689664595271e+00 
47   9      -3.25665091944807444e-02 
48   9       1.63599965727829244e+00 
49   9      -4.25058490610030815e-01 
50   9       5.89433366718220664e-01 
1   10      -6.27912257183249611e-02 
2   10      -2.02195893005178950e+00 
3   10      -9.82131525779047831e-01 
4   10       6.12511298166949270e-01 
5   10      -5.48861299886773610e-02 
6   10      -1.11873200245272497e+00 
7   10      -6.26378538867138679e-01 
8   10       2.49517740562795132e-01 
9   10      -9.93019006549600625e-01 
10   10       9.74950224811311550e-01 
11   10      -6.40709506726057532e-01 
12   10       1.80886262051925395e+00 
13   10      -1.07986625073882814e+00 
14   10       1.99189444075264455e-01 
15   10      -1.52102656176895468e+00 
16   10      -7.23631125289072807e-01 
17   10      -5.93250315010803608e-01 
18   10       4.01336339818801069e-01 
19   10       9.42133319236942435e-01 
20   10       3.00485967595730263e-01 
21   10      -3.73070658631004248e-01 
22   10       8.15488508092498399e-01 
23   10       7.98886992156715880e-01 
24   10       1.20205281956355367e-01 
25   10       5.71247629714476068e-01 
26   10       4.12796010311391848e-01 
27   10      -9.86961883351521907e-01 
28   10       7.59568325914783404e-01 
29   10      -6.57201299098350344e-01 
30   10      -6.03918481376169214e-01 
31   10       1.76946822329411252e-01 
32   10      -3.07503469862750567e-01 
33   10      -1.31820352915893585e-01 
34   10       5.95357673884101768e-01 
35   10       1.04683278430523186e+00 
36   10      -1.97958632611841989e-01 
37   10       3.27678163907200726e-01 
38   10      -2.38301504589733010e-01 
39   10       2.29596893220313791e-01 
40   10       4.39997904822629349e-01 
41   10      -6.16865928889227422e-01 
42   10       2.74836786911666187e-01 
43   10       6.01102032468295078e-01 
44   10       9.23079512389622658e-02 
45   10       1.72984139157236427e+00 
46   10      -6.08557444738319409e-01 
47   10      -7.37059771697805455e-01 
48   10      -1.74987930638762545e+00 
49   10       9.10482579647111989e-01 
50   10       8.67082552947325391e-01 
1   11      -7.98928390580370962e-02 
2   11       8.98475989377141793e-01 
3   11       1.83703423091249041e-01 
4   11       2.90790134884453599e-01 
5   11       1.12944717021051230e-01 
6   11       4.39952188872439920e-01 
7   11       1.01662443700341151e-01 
8   11       2.78733522781343535e+00 
9   11      -1.16666503019464107e+00 
10   11      -1.85429908268969390e+00 
11   11      -1.14068114466963233e+00 
12   11      -1.09334345623960449e+00 
13   11      -4.33609296474823602e-01 
14   11      -1.68469878275448348e-01 
15   11      -2.18533560026580531e-01 
16   11       5.41334435719376117e-01 
17   11       3.89266203843263880e-01 
18   11       7.51228984688332879e-01 
19   11       1.77825589929100447e+00 
20   11       1.22306255173380696e+00 
21   11      -1.28325610460476658e+00 
22   11      -2.32895451628334182e+00 
23   11       9.01931466951714444e-01 
24   11      -1.83563868373519234e+00 
25   11       6.67569114368657540e-02 
26   11       3.54794858375770059e-02 
27   11       2.22716807816787155e+00 
28   11      -6.92142540220483660e-02 
29   11      -5.07323064614498387e-01 
30   11       2.35809672576244050e-01 
31   11       2.45804851893843240e-01 
32   11       7.00452094168079048e-02 
33   11      -6.08580510079949288e-01 
34   11      -1.22259338018662955e+00 
35   11       3.16500360797716096e-01 
36   11      -1.34286923662193014e+00 
37   11      -1.03218434407217119e+00 
38   11       1.33121588506497335e+00 
39   11      -4.18903195029848852e-01 
40   11      -1.40321722056366061e-01 
41   11       8.99822328897223467e-01 
42   11      -3.00111005615675885e-01 
43   11       1.02936571210309924e+00 
44   11      -3.45065971567320995e-01 
45   11       1.01280186426298013e+00 
46   11       6.29334584931418806e-01 
47   11      -2.13015082641054704e-01 
48   11      -8.65697308360523721e-01 
49   11      -1.04310830133762678e+00 
50   11      -2.70068812648098844e-01 
1   12      -4.38141355602143678e-01 
2   12      -4.08674314796325655e-01 
3   12       9.83545235205556256e-01 
4   12      -2.97697144009373027e-01 
5   12       1.14367891077095751e+00 
6   12      -5.31620117507069279e-01 
7   12       9.72565728008653152e-01 
8   12      -5.22250484993548869e-01 
9   12       1.76577794642316321e-01 
10   12       9.70737823554688517e-01 
11   12      -4.13972274974230170e-01 
12   12      -4.38270518204901538e-01 
13   12       2.00339061086226478e+00 
14   12       9.50993499549085408e-01 
15   12      -4.32003843727780446e-01 
16   12       6.48940737363586706e-01 
17   12      -3.60076301153971601e-01 
18   12       7.05885019349415832e-01 
19   12       1.41584906843658542e+00 
20   12      -1.60451566859706141e+00 
21   12       1.02885306900202567e+00 
22   12       1.45796778066198551e+00 
23   12       4.74713232748285308e-02 
24   12       1.74625671011842054e+00 
25   12       1.55387514201181076e-01 
26   12      -1.23711968466262956e+00 
27   12      -2.19349427883460679e+00 
28   12      -3.33407067263733481e-01 
29   12       7.13543302564058957e-01 
30   12       3.17407733234496947e-01 
31   12       4.13610390293129626e-01 
32   12      -5.77085583637939603e-01 
33   12       1.44001801404464752e-01 
34   12      -1.63866572993388715e+00 
35   12      -7.60089998635267272e-01 
36   12      -8.18793096250256869e-01 
37   12       5.19728888133619282e-01 
38   12      -1.41600590972046914e-02 
39   12      -1.15552936828724095e+00 
40   12      -9.52491609816555861e-03 
41   12      -6.89810537631709519e-01 
42   12      -6.66699153601164385e-01 
43   12       8.64149421165126386e-01 
44   12       1.13419436226867745e-01 
45   12       3.98362846165994267e-01 
46   12       8.83969890234670652e-01 
47   12       1.80257693987046774e-01 
48   12       5.50854522057470097e-01 
49   12       6.82964276111937107e-01 
50   12       1.17060866003560404e+00 
1   13       4.75860587278342573e-01 
2   13       1.41223268644450384e+00 
3   13       2.26084843095981473e-02 
4   13      -4.78694102202058894e-02 
5   13       1.70133465427495900e+00 
6   13      -5.09711712767426550e-01 
7   13      -2.85496014432120660e-03 
8   13       9.19867079806395482e-01 
9   13       1.49808732632761177e-01 
10   13       1.40493344567697664e+00 
11   13       1.03412153956971009e+00 
12   13       2.91570288770805708e-01 
13   13      -7.77698538311603405e-01 
14   13       5.66696097539304722e-01 
15   13      -1.38262115948035214e+00 
16   13       2.44474675589887752e-01 
17   13       8.08438803167691233e-01 
18   13       2.13041698417000464e-01 
19   13       8.79677164233488851e-01 
20   13       2.03887625141404216e+00 
21   13       9.23932448688936869e-01 
22   13       2.66917446595828001e-01 
23   13       6.41661506421779326e-01 
24   13       4.25485355625295547e-01 
25   13      -1.31472350348688360e+00 
26   13      -4.16411219699433843e-01 
27   13       1.22468782478533678e+00 
28   13      -4.35842055463326397e-02 
29   13       5.82423277447969179e-01 
30   13      -1.00650007461933555e+00 
31   13       6.45167423111044080e-02 
32   13       6.00291949185783547e-01 
33   13      -1.36151495486456686e+00 
34   13       3.47592631960064513e-01 
35   13      -1.81843218459333572e-01 
36   13      -9.39534765941491545e-01 
37   13      -3.75331888191715937e-02 
38   13      -1.89630449362244979e+00 
39   13      -2.12797676818267378e+00 
40   13      -1.17692333071495758e+00 
41   13      -9.90532220484175996e-01 
42   13      -1.17303232726740503e+00 
43   13      -1.72542778952869180e+00 
44   13       2.88228089665010567e-01 
45   13      -1.59418372026680655e+00 
46   13       1.10218849223381196e-01 
47   13       7.87066676357980222e-01 
48   13      -2.22678631383613473e-03 
49   13       9.31087600588035302e-02 
50   13      -3.78157056589757512e-01 
1   14      -1.48267611105900343e+00 
2   14      -4.38185853582947968e-02 
3   14       9.60825211682114655e-01 
4   14       1.73824493261334045e+00 
5   14      -4.30206242426100449e-01 
6   14      -1.62732273646978021e+00 
7   14       1.66347492460065527e-01 
8   14       3.76265910450718832e-01 
9   14      -2.26950464706232535e-01 
10   14      -1.14891228961878999e+00 
11   14       2.02433259954386990e+00 
12   14      -2.35952351095849133e+00 
13   14      -5.09972045799939044e-01 
14   14      -1.32162559081010156e+00 
15   14      -6.36128249660041445e-01 
16   14       3.17851419059696716e-01 
17   14       1.38047974449525851e-01 
18   14      -7.10735074811225997e-01 
19   14       7.77003526719787896e-01 
20   14       6.22393924172012891e-01 
21   14       6.47380884516046806e-01 
22   14      -4.25631681660351369e-01 
23   14       1.04858076053644145e+00 
24   14       6.60707086367174901e-01 
25   14       2.50877247318510577e+00 
26   14       1.06345963904102292e+00 
27   14       1.15692165332739361e+00 
28   14       5.29788273256128414e-02 
29   14      -1.28838600294029137e+00 
30   14      -3.71221247497632245e-01 
31   14      -7.57791916498818607e-01 
32   14      -5.63968917027426797e-01 
33   14       5.55138560001846360e-01 
34   14      -5.56778063950365665e-01 
35   14      -8.95113135482435651e-01 
36   14      -4.09327721634070385e-01 
37   14      -1.60886766738442877e-01 
38   14       4.09334430455455311e-01 
39   14      -9.52635997119977485e-01 
40   14       3.17317472324611882e-01 
41   14       7.80200809780775273e-02 
42   14       1.32438544916022360e+00 
43   14      -2.13170486421585925e-01 
44   14      -1.34478644555426408e-01 
45   14      -1.17135581792029608e+00 
46   14      -1.38526268319523971e+00 
47   14       3.10508318600498712e-01 
48   14      -2.49489064473938899e-01 
49   14       5.03744055737328167e-01 
50   14      -8.92661403477037929e-01 
1   15       1.90851233035822232e+00 
2   15       1.22230700504886741e-01 
3   15       1.04703326689793430e+00 
4   15      -2.26920199323936894e-01 
5   15      -1.62501941548495010e-01 
6   15       6.90051897857806296e-01 
7   15       5.55756771412105000e-01 
8   15      -1.12025500148841051e+00 
9   15      -1.53269301392950918e+00 
10   15      -1.09786776954066911e+00 
11   15      -1.41577332156794000e+00 
12   15       5.95705885660457596e-02 
13   15      -4.11250925532219702e-01 
14   15      -3.68010733040955218e-01 
15   15      -1.36096312939369390e+00 
16   15       7.79567428734972423e-01 
17   15       4.39411111553712042e-01 
18   15      -8.96224837412097214e-02 
19   15       1.02118011801418396e+00 
20   15      -8.73979465028903224e-01 
21   15       4.14700293047627455e-01 
22   15       3.48441199952281344e-01 
23   15       3.49254416663713763e-01 
24   15      -7.29247267629503426e-01 
25   15       3.26840248762991392e-01 
26   15      -5.14881632926475596e-01 
27   15      -8.96446150502486105e-01 
28   15      -1.20326818641501698e+00 
29   15       1.03781563948523958e+00 
30   15      -8.45944212336117829e-01 
31   15      -1.72913844259167698e-01 
32   15      -1.20865205474019932e+00 
33   15      -2.97126799995404367e-01 
34   15      -3.23203779594000684e+00 
35   15      -1.08695922946133039e+00 
36   15      -1.42643615947972324e+00 
37   15      -1.01445076770532117e+00 
38   15      -2.13267188307357941e-01 
39   15      -3.25347780360491112e-01 
40   15       1.94439779196628471e+00 
41   15      -5.71773218349456380e-01 
42   15      -2.50032278035043909e-01 
43   15      -1.56931547034069707e+00 
44   15      -4.77382663694066622e-01 
45   15      -1.33797665356225992e+00 
46   15       3.02990237881830930e-02 
47   15       8.53086767518578037e-01 
48   15       4.04253465109360166e-01 
49   15      -7.00620213418205462e-01 
50   15      -1.63054289274724895e+00 
1   16       1.46001318514264566e+00 
2   16       2.05004273293786676e+00 
3   16       1.20500599699388852e-01 
4   16      -9.89901604221186782e-01 
5   16       1.19777147431487685e+00 
6   16      -5.92656218169253624e-01 
7   16      -4.69809363224454490e-01 
8   16       8.86377377072693928e-01 
9   16      -1.38521980111083765e+00 
10   16      -1.95675395423191989e+00 
11   16       4.20683700201250010e-01 
12   16       4.00737998146962093e-01 
13   16       9.51421578641686583e-02 
14   16       4.96684391636530220e-01 
15   16       1.08224059616069535e+00 
16   16       9.70447788354571794e-01 
17   16      -5.68569570389605317e-01 
18   16       8.09972073318538377e-01 
19   16       1.73247371832087910e-01 
20   16      -5.05542568515378932e-01 
21   16      -1.19330579089020206e+00 
22   16       6.46970938881150204e-01 
23   16      -3.53622599299340701e-01 
24   16       4.64345266878230037e-02 
25   16      -7.92947502201807652e-01 
26   16      -1.55051447477956139e+00 
27   16       1.71586355268627672e-01 
28   16      -6.21391248043617617e-02 
29   16       1.19902787729196758e+00 
30   16       8.01704070327277418e-01 
31   16       1.05330457914954634e+00 
32   16      -7.48876752543158997e-01 
33   16      -9.36326497116020451e-01 
34   16      -1.26908677286849025e+00 
35   16       4.97980623046732296e-01 
36   16       2.78908112764392335e+00 
37   16       7.27572036915722808e-01 
38   16      -7.73064102152236532e-01 
39   16       8.36633754476153180e-01 
40   16      -1.12833031008360174e+00 
41   16      -1.42447009141638148e+00 
42   16       7.17442315507357598e-01 
43   16      -7.77905520185397603e-01 
44   16       3.15985880708604339e-01 
45   16       1.40653513807679120e+00 
46   16       4.01124635731863910e-01 
47   16       9.29660284419656091e-01 
48   16      -1.60580220462074874e+00 
49   16       6.61536244123409278e-01 
50   16       2.13850225382851367e+00 
1   17       5.41139413417131454e-01 
2   17      -1.54087718185788458e+00 
3   17      -2.03142794821833866e-01 
4   17      -4.99965221779342939e-01 
5   17       3.83023912780828868e-01 
6   17       4.12035378111750450e-01 
7   17       4.05492550516439731e-01 
8   17      -3.63780750881015302e-01 
9   17      -5.99272040041945675e-01 
10   17      -5.89588991418034225e-01 
11   17       8.53540834064481224e-01 
12   17      -1.85300807141959534e+00 
13   17      -2.07303159647624718e-01 
14   17       2.70378202689915859e-01 
15   17      -6.52771012058928068e-01 
16   17       4.77227285007673252e-01 
17   17      -7.13196500274540235e-02 
18   17      -9.38301288268817091e-01 
19   17       1.61363534650636020e-01 
20   17      -2.68182881913388238e-01 
21   17      -4.09872647756741926e-01 
22   17      -7.11322710526138713e-01 
23   17       6.14454835840974739e-02 
24   17      -1.84612923609859458e+00 
25   17      -3.98333119478131548e-01 
26   17      -5.43548121612386970e-01 
27   17      -9.11898504288659484e-01 
28   17       6.52698590995240524e-01 
29   17      -7.34271258590912024e-01 
30   17       5.40633089814446022e-01 
31   17       9.75840884581828161e-01 
32   17      -1.56870414727050961e-01 
33   17       2.77799321723374515e-01 
34   17       6.39517303110873181e-01 
35   17      -8.09780150606095872e-02 
36   17       5.40870143763935496e-01 
37   17      -1.26256484462795782e+00 
38   17       1.11042384067015965e+00 
39   17      -9.89562679068363482e-01 
40   17      -1.82883593420384338e+00 
41   17       1.38449851135426183e+00 
42   17      -6.27267940412558622e-02 
43   17       4.48921120019169562e-01 
44   17      -3.63258472467671567e-01 
45   17      -1.02058339313102064e+00 
46   17      -3.07298853928706528e+00 
47   17       6.26278997699138862e-01 
48   17      -2.86684533211224724e-01 
49   17      -1.97342906850919292e-01 
50   17       4.05605372640548523e-01 
1   18      -1.41934846053478991e+00 
2   18      -7.29445237982781491e-01 
3   18       1.14732784158512824e+00 
4   18       5.97864632881485614e-01 
5   18      -1.28128125909252644e+00 
6   18      -2.20326424216989691e+00 
7   18      -5.71246319791094526e-01 
8   18       2.13996478716457078e-01 
9   18       9.42376933302383923e-01 
10   18       9.37254906669183624e-02 
11   18      -1.12231172152804226e+00 
12   18       3.06157818568222884e-01 
13   18      -1.17233486755328742e+00 
14   18      -9.60966563537668628e-01 
15   18      -6.53735016358027776e-01 
16   18      -1.22939364899915549e+00 
17   18      -2.70965129963311457e-01 
18   18      -8.99950067342813131e-01 
19   18      -2.85686137601833590e-01 
20   18      -4.62421544353746883e-01 
21   18      -4.09785214740165382e-01 
22   18      -5.03538984131873368e-01 
23   18       1.23329711264413522e+00 
24   18       6.10305217573949843e-01 
25   18       5.90721550526544445e-02 
26   18      -1.46694673042824730e+00 
27   18      -1.62580326639623363e+00 
28   18      -1.96475241539089396e+00 
29   18       2.60519575087391564e+00 
30   18       9.72374811203577161e-01 
31   18       2.56980969704259876e-01 
32   18      -9.74240459346947141e-01 
33   18      -1.14636438588741640e+00 
34   18       5.47639504480464834e-01 
35   18       1.56508398508242763e+00 
36   18      -1.69334366132081326e+00 
37   18      -4.49397359860250312e-01 
38   18      -8.42920727534208075e-02 
39   18      -1.99199717760326922e+00 
40   18       8.41245666352581134e-01 
41   18      -4.14658917455485498e-01 
42   18       1.91218083836386099e+00 
43   18      -3.90898732233772195e-01 
44   18       4.09182082547354942e-01 
45   18      -1.14242816812144476e+00 
46   18      -6.24863775636728458e-01 
47   18      -1.16872284991455100e+00 
48   18       3.92575281297535550e-01 
49   18       1.30183950434961337e+00 
50   18      -5.93641761840395521e-01 
1   19       4.36375391562131842e-01 
2   19      -5.04362480525809787e-01 
3   19       1.02107713303417516e-01 
4   19       1.19625054082236582e+00 
5   19       1.20282816361650183e-01 
6   19      -1.03684339707675544e+00 
7   19      -8.57103238887738095e-01 
8   19      -1.69874304044057678e-01 
9   19      -1.91668280046304845e-01 
10   19      -8.65815207739936699e-01 
11   19       1.80664133586186437e-01 
12   19       1.26652847557264892e+00 
13   19      -2.51169287438378408e-01 
14   19      -2.04570050663136355e-01 
15   19      -2.20152190603627140e+00 
16   19      -7.74513104760749194e-01 
17   19      -1.39327258405515120e+00 
18   19      -3.86234650983644512e-01 
19   19       5.25586350117865142e-01 
20   19       1.52326927539059631e+00 
21   19       1.79849445190825641e+00 
22   19      -1.16884266969786890e-01 
23   19      -3.20196186885630119e-01 
24   19       8.17516283237215258e-01 
25   19       4.90159188823981740e-01 
26   19       7.65251160015634757e-01 
27   19       7.78279045311317197e-01 
28   19      -1.48030517341862700e+00 
29   19       5.40363959609767019e-01 
30   19      -9.15390218682469170e-02 
31   19      -7.60252376958567622e-01 
32   19      -6.93595443143501522e-01 
33   19       1.28145775266336015e+00 
34   19      -8.09737610765751570e-01 
35   19      -1.23681835282284802e+00 
36   19       2.14686448131778895e-01 
37   19       2.01077176753361142e+00 
38   19       2.55544334123087510e-02 
39   19       3.08299436246859127e-01 
40   19      -9.38247210627779271e-01 
41   19       1.67421595177913107e+00 
42   19       1.24988173845022893e-01 
43   19       5.30101256550694622e-01 
44   19      -9.52068223401487335e-01 
45   19       8.54042818220477562e-01 
46   19       3.89145734517764130e-01 
47   19      -1.15600108495170417e+00 
48   19       3.97401269892483783e-02 
49   19      -4.50598603707587420e-01 
50   19       1.09247941665664525e-01 
1   20      -2.50552842446153834e-01 
2   20      -1.89901654648676421e-01 
3   20      -1.03291351430083611e+00 
4   20      -3.23291921419398387e-01 
5   20       7.66526854105447186e-01 
6   20       1.74467317966904734e+00 
7   20      -1.16051992616979360e+00 
8   20       2.37741185238417074e+00 
9   20       1.52607796250707417e+00 
10   20       1.68507500217456085e-01 
11   20      -3.01206529323698902e-01 
12   20      -6.98654270705207359e-01 
13   20       8.32770575778025268e-01 
14   20      -6.94605254222803725e-01 
15   20      -4.61882993134124620e-01 
16   20       8.83617136720827534e-01 
17   20       4.35944182163725269e-01 
18   20       8.96747363054463453e-01 
19   20       5.04732027944892137e-01 
20   20      -4.00897135515840719e-01 
21   20      -5.13848012099213602e-01 
22   20       7.96367596233901409e-01 
23   20      -6.71190164007305023e-01 
24   20       1.18665904286638191e+00 
25   20       7.90701970703587165e-01 
26   20       2.87721494673668365e-01 
27   20       3.22611456308685186e-03 
28   20       3.65617187472921767e-01 
29   20       3.52667781833885075e+00 
30   20      -1.12436662512024124e-01 
31   20      -1.55659393493827558e+00 
32   20       1.91510229545677446e+00 
33   20       6.09846053238310426e-01 
34   20      -6.47911623091644850e-01 
35   20       2.61733491205072744e+00 
36   20       5.50950420745412339e-01 
37   20       2.94203684446697533e-01 
38   20      -7.77843798253387564e-01 
39   20      -1.06493009609003964e+00 
40   20      -1.76841403231105598e+00 
41   20      -4.22919535898429677e-01 
42   20      -1.05310242919017716e+00 
43   20       6.47755244971728650e-01 
44   20      -3.17628188513512488e-01 
45   20       1.76899156918657408e+00 
46   20       1.51058239519276194e+00 
47   20       1.64010316907443360e-01 
48   20      -2.82763714505208319e-01 
49   20       1.15216580794838541e+00 
50   20      -1.14650763211670315e+00 
1   21       6.73698696541777498e-01 
2   21      -6.69112995372735941e-01 
3   21      -4.00322700634663298e-01 
4   21      -6.71802427219057918e-01 
5   21       5.75629016583150466e-01 
6   21      -7.78093515420813508e-01 
7   21      -1.06356120288466571e+00 
8   21       5.52978301286997875e-01 
9   21      -4.23428837836487049e-01 
10   21       3.61587164848055476e-01 
11   21      -3.51889241946105602e-01 
12   21       2.69540707973063121e-01 
13   21      -2.56444935612108660e+00 
14   21       4.65864128078825990e-01 
15   21       1.85356094249384773e+00 
16   21       1.03928933984721206e+00 
17   21       9.10896579458498223e-01 
18   21      -2.39731286601328780e-01 
19   21       1.80998079792441036e-01 
20   21       2.44249546813346985e-01 
21   21       9.63928845397176853e-02 
22   21      -8.30468497619260670e-01 
23   21      -3.52252185662263184e-01 
24   21      -1.74775039544098648e-01 
25   21      -4.80653419481012645e-01 
26   21       8.36836711417678347e-01 
27   21       2.53834934138902213e+00 
28   21      -1.32333425148040118e+00 
29   21       1.28340263343307448e-01 
30   21      -1.44237915336113764e+00 
31   21       1.30250820960713720e+00 
32   21       1.40991150001902366e+00 
33   21      -1.66254297035808052e+00 
34   21       1.94368447839214387e+00 
35   21      -1.08469845223761552e+00 
36   21       2.26818975021419567e-01 
37   21       1.09892920248474235e+00 
38   21       1.47188752472256656e-01 
39   21       2.29566581301284245e+00 
40   21       2.75255787759548953e+00 
41   21       1.38317724815552795e-01 
42   21      -1.90706620837311958e+00 
43   21      -3.64992993373477959e-01 
44   21      -8.48110011574820910e-01 
45   21      -7.64753364521137846e-01 
46   21      -1.12769481453693254e+00 
47   21       7.81888950833452973e-02 
48   21       2.10662965570577754e+00 
49   21      -7.15847393133823506e-01 
50   21      -2.80515661741481015e-01 
1   22       1.16647500451601571e+00 
2   22       1.21282141876425875e+00 
3   22       4.85540987057964279e-01 
4   22       1.02601648619598418e+00 
5   22       8.70726021083679247e-01 
6   22      -3.81757878508905191e-01 
7   22       4.28893027102995872e-01 
8   22      -2.99130520022907631e-01 
9   22      -8.99868519999531880e-01 
10   22       6.34745461257071208e-01 
11   22       6.74535908285647245e-02 
12   22      -1.87120544841388070e-01 
13   22       2.91727455002394387e-01 
14   22       9.87694691911684020e-01 
15   22       3.92934569877554429e-01 
16   22       1.94551374026049939e-01 
17   22       2.79784956482345470e-01 
18   22       5.12203118444502156e-02 
19   22      -7.74466243939415766e-01 
20   22       7.86781710402894463e-01 
21   22       1.40890695099349617e+00 
22   22      -5.34098583791872250e-01 
23   22       1.92775842981169099e+00 
24   22      -1.76247547257614712e-01 
25   22      -2.43750362486459482e-01 
26   22      -8.97600658709958976e-01 
27   22      -7.92336865107049482e-01 
28   22      -9.52974690953378611e-01 
29   22       3.53905454236425943e-01 
30   22       1.59702632391115706e+00 
31   22       5.27470251141924584e-01 
32   22       8.54202301151846921e-01 
33   22       1.34184652204595367e+00 
34   22      -2.49953344192970617e+00 
35   22      -1.67559322169703900e-01 
36   22       3.53015314527152013e-01 
37   22       7.17253725490155758e-01 
38   22      -1.30485163873161158e+00 
39   22      -1.00586895174407642e+00 
40   22       7.90683469747322509e-01 
41   22      -1.16571328658855514e-01 
42   22       5.53089887878288167e-01 
43   22      -9.60644804719149259e-01 
44   22      -1.63380239579278630e+00 
45   22       7.61200281866833972e-01 
46   22       1.19330715170307022e+00 
47   22       1.63205721592087838e+00 
48   22      -1.53218960296575646e+00 
49   22      -1.33685240472023126e+00 
50   22      -1.47384649800852530e+00 
1   23      -4.16630742964495260e-02 
2   23      -6.15507335128412714e-01 
3   23       1.31415480877584456e+00 
4   23      -1.45506658248223952e+00 
5   23      -1.74234922059761277e+00 
6   23       2.05304683292191370e-01 
7   23       1.19293039852572114e+00 
8   23      -8.02823098305938010e-01 
9   23      -1.26563642223796990e+00 
10   23      -1.49331353183560750e-01 
11   23      -1.63644667825389445e+00 
12   23       1.73443460436582229e-02 
13   23       8.28387265991092470e-01 
14   23       2.17738348381478097e-01 
15   23      -1.90924490126272506e+00 
16   23      -5.36821821287497780e-01 
17   23      -3.02032298446366310e-01 
18   23       1.81358213090433340e+00 
19   23       9.14851752841074117e-01 
20   23      -5.70807159144771370e-02 
21   23       1.30936207782941993e+00 
22   23      -1.04473584840962763e+00 
23   23      -3.48266810335265353e-01 
24   23       1.41256116072929405e+00 
25   23       1.50238292858279499e+00 
26   23       7.30375994537287077e-01 
27   23       4.90752271903369786e-01 
28   23      -5.86126139576402583e-01 
29   23       7.44899650424278081e-01 
30   23      -8.28154969805656171e-01 
31   23       5.74520731649429628e-01 
32   23       2.81841382645261485e-01 
33   23       1.13930626903050558e+00 
34   23      -4.25867845571709536e-01 
35   23       6.36139891402967450e-01 
36   23       7.93178081389573575e-01 
37   23      -8.98377114100747276e-01 
38   23       1.56244844277549394e-01 
39   23       1.59725391127757077e+00 
40   23       1.12439710593740930e-01 
41   23      -3.08624934547028384e-01 
42   23       4.56659609115150633e-01 
43   23      -2.75100830567669319e-01 
44   23       4.43143608783786891e-01 
45   23      -1.34765126722849987e-01 
46   23      -1.83282297386863219e-02 
47   23       4.60789425007211817e-01 
48   23       1.36231546434230211e+00 
49   23       4.51874567380708636e-01 
50   23       1.64838365704616940e+00 
1   24      -2.02836196085276477e+00 
2   24      -4.49256811444910198e-01 
3   24       2.35993201711949263e-01 
4   24      -8.35172963783280986e-01 
5   24      -1.27595516340821846e+00 
6   24       6.17035081280587927e-01 
7   24       6.12701503707273498e-01 
8   24       2.89381155294880898e-01 
9   24       3.95316122368463418e-01 
10   24      -8.70562842057009734e-01 
11   24      -4.97688378204225013e-01 
12   24      -1.06671817056152585e-01 
13   24      -6.87829135427858951e-01 
14   24       3.31880876981421824e-01 
15   24       2.36522474259891258e+00 
16   24      -4.82230718469758013e-01 
17   24       6.47448206700765749e-01 
18   24      -1.03442471723416607e+00 
19   24       1.33955459790411679e+00 
20   24      -9.69140355828829736e-01 
21   24       2.08715601272198376e-01 
22   24      -6.18593355360547270e-01 
23   24       5.12015643736454362e-01 
24   24       1.13541711008200586e-02 
25   24      -4.39886262667008171e-02 
26   24       2.94909254131558773e+00 
27   24      -6.30046193527348364e-01 
28   24      -4.68793995381930340e-02 
29   24       2.68302551077173135e+00 
30   24      -1.14669068617904335e+00 
31   24       5.52998745466265484e-01 
32   24      -1.07645840909249890e+00 
33   24       1.03063958408679124e+00 
34   24       3.27529812476209714e-01 
35   24       6.52124811269931159e-01 
36   24      -2.78861116387822183e-01 
37   24       2.45191593724021106e-01 
38   24       1.47251347882157702e+00 
39   24      -2.27510154234740147e+00 
40   24      -1.63329072492124205e+00 
41   24       4.15468936978757197e-01 
42   24      -6.54768851858014478e-01 
43   24      -2.96348315406598284e-01 
44   24      -1.49691887644755428e+00 
45   24      -9.04834447327701796e-01 
46   24      -4.04181545031202016e-01 
47   24      -7.25798166048958859e-01 
48   24      -8.66485025359611472e-01 
49   24      -4.21846780441971658e-01 
50   24      -9.42666324280615586e-01 
1   25       1.34188371725794720e+00 
2   25      -9.88434712294864348e-01 
3   25       1.81794268764347366e+00 
4   25      -3.74436606507962400e-01 
5   25      -1.45174071991738196e+00 
6   25      -6.18681807567464603e-01 
7   25       9.34500962295567006e-01 
8   25       1.05592925649271430e+00 
9   25       1.60227276748646730e-01 
10   25       2.87400320243154761e-01 
11   25       6.32905577041240175e-01 
12   25      -1.45904186908361244e+00 
13   25      -5.81709725467177030e-01 
14   25      -1.83014932210344572e+00 
15   25      -4.49103079849421771e-01 
16   25       9.49274703601312275e-01 
17   25       7.17441409444787737e-01 
18   25       2.28782860567075153e+00 
19   25       1.66727663349700184e-01 
20   25      -2.15649075169973869e+00 
21   25       1.68939930742666533e+00 
22   25       1.28228074709256612e+00 
23   25      -5.82630964347251590e-01 
24   25       2.22614480633598483e-01 
25   25       7.79451472862399020e-01 
26   25       3.84707157585715498e-01 
27   25       6.96366922883312034e-01 
28   25      -1.12715559173793917e-01 
29   25      -3.88237009280517284e-02 
30   25       8.80886291129157756e-02 
31   25      -7.89655973216348617e-01 
32   25       1.42296061879913105e+00 
33   25       6.33168412961602860e-03 
34   25       6.86480847833935148e-01 
35   25      -8.54933633648373714e-01 
36   25      -1.07523531747808243e+00 
37   25      -9.09672511936309713e-02 
38   25      -2.52771832938987639e-01 
39   25       1.19482381863413134e+00 
40   25       6.06063709364257686e-01 
41   25       5.40514429162091359e-01 
42   25      -1.44493941921489721e+00 
43   25      -9.67693807707259879e-01 
44   25       2.02051338217511728e-01 
45   25      -3.47877973085104764e-01 
46   25       1.29008799015537190e+00 
47   25       1.34115381887992124e+00 
48   25      -5.80797689400442629e-01 
49   25       8.75135601991686829e-01 
50   25       1.39544988693277205e+00 
1   26       3.20985221953095701e-01 
2   26       1.62338245841983220e+00 
3   26       1.06243330910871880e+00 
4   26       2.14105238034588558e-01 
5   26       8.76803201965983603e-01 
6   26       1.94407011291076931e-01 
7   26      -4.14892159767676405e-01 
8   26       3.58458734395178613e-01 
9   26       3.62226680441225246e-02 
10   26      -3.64631168089116553e-01 
11   26       1.77101956701827157e+00 
12   26       2.21273067715512861e-01 
13   26       2.73037758486803472e+00 
14   26      -2.96165383347161693e-01 
15   26       5.64295551934993145e-01 
16   26       1.58262066304722349e+00 
17   26       2.72923012321037950e+00 
18   26       3.03564280841043865e-01 
19   26      -7.90258478597882119e-01 
20   26       8.03380232506623604e-01 
21   26      -1.31990270235868823e+00 
22   26      -2.73845759626557606e-01 
23   26       2.71866921602583134e-01 
24   26       1.48955350778608331e+00 
25   26       1.43714152478982360e+00 
26   26      -2.75613965604980665e-02 
27   26       9.23931315126527375e-01 
28   26      -3.21280419965793151e-01 
29   26       6.61124886150418312e-01 
30   26       1.91529393853916474e+00 
31   26       1.56759609817161444e-01 
32   26      -3.00536457944019508e-01 
33   26      -5.00034777469845593e-01 
34   26       7.16471380571448657e-01 
35   26       1.33728872704225843e+00 
36   26       2.12567994685693629e+00 
37   26       5.40457844376036334e-02 
38   26       1.63035918032164301e-01 
39   26      -6.32706740469992535e-01 
40   26       1.61199149271533737e+00 
41   26      -7.54487241870864384e-02 
42   26      -4.73237143331362020e-01 
43   26       2.18424078685721401e+00 
44   26       8.09881106272956175e-01 
45   26       7.16342804277267153e-01 
46   26      -1.00557113446361335e+00 
47   26       4.33986613232231033e-01 
48   26       5.20143592624929374e-01 
49   26      -1.09224451734164041e+00 
50   26      -2.25794451802544399e-01 
1   27      -4.04921776549187484e-01 
2   27       5.27859215419955619e-01 
3   27      -1.00696286411518043e+00 
4   27       1.08902677060433972e+00 
5   27       1.78487471162138589e+00 
6   27      -3.03754520119611349e-01 
7   27      -8.69663149373812658e-03 
8   27       5.06635026535163679e-01 
9   27       1.20325198868524375e+00 
10   27       5.22017729698728394e-01 
11   27       3.97046092297073272e-01 
12   27      -4.82810840319050416e-01 
13   27      -2.31497194486117303e-01 
14   27       6.13385212333465324e-01 
15   27       1.68285053633205250e+00 
16   27       5.68393573839513389e-01 
17   27      -1.20602925424890262e+00 
18   27       4.33060388963240450e-01 
19   27      -9.21207484997504100e-02 
20   27      -2.44054937965400315e-01 
21   27      -2.19188663046640531e-01 
22   27      -8.79766716388637682e-01 
23   27      -3.20804325089082243e-01 
24   27      -7.84415293755632015e-01 
25   27      -3.64962527939068915e-01 
26   27       1.17270572393547934e-01 
27   27       1.74339688771479373e-01 
28   27      -2.15656413043174899e-01 
29   27      -1.52611479624618851e-01 
30   27       3.36882198635355262e-02 
31   27       4.58282205499794537e-01 
32   27       1.28163122088079984e+00 
33   27       6.20090051558262245e-01 
34   27      -2.86673862460466222e-01 
35   27       5.98015714251220354e-01 
36   27      -2.45532675353109658e-01 
37   27      -1.78073717512704621e+00 
38   27      -2.34723922894496884e+00 
39   27      -1.71359529882237660e+00 
40   27      -2.37127260967103737e-01 
41   27      -6.19625814831921029e-01 
42   27      -7.20160379657291183e-01 
43   27       4.06571736321823876e-02 
44   27      -6.58981428583563678e-01 
45   27      -6.30515032828478095e-01 
46   27       6.09625091181259515e-01 
47   27       7.82334970498853255e-01 
48   27       2.43658435807580132e+00 
49   27       3.02407416537707308e-01 
50   27       5.83198538886379458e-02 
1   28      -5.74133962393711172e-01 
2   28      -1.95212401051106793e-01 
3   28      -5.05312775255590679e-02 
4   28      -1.75577504072858881e+00 
5   28      -2.57357623581955575e-01 
6   28       7.49541885371126537e-01 
7   28      -5.70764308999751835e-01 
8   28       4.94233375953117393e-01 
9   28       9.91440438825250903e-01 
10   28       1.07714011343417781e+00 
11   28       7.76841798206993950e-01 
12   28      -2.25984035153099416e+00 
13   28      -5.64376691130426211e-01 
14   28       9.01491435092921956e-01 
15   28       3.94675531568291937e-01 
16   28       4.85442371891243053e-03 
17   28       4.36918628028167055e-01 
18   28       1.13007271999667003e+00 
19   28       1.53770741090754059e-01 
20   28      -7.58627156743334141e-01 
21   28      -1.80163097123277383e-01 
22   28      -2.07789586107980095e-01 
23   28       8.96745287933841784e-01 
24   28       4.12307702040531354e-01 
25   28       5.47519687229462759e-01 
26   28       1.47835043548960238e-01 
27   28      -3.62267155363551696e-01 
28   28       6.11412950206013800e-02 
29   28       2.16705550520380541e-01 
30   28      -1.39812241311775298e+00 
31   28       1.78870372986260684e-01 
32   28       9.27584218205604327e-01 
33   28      -1.10177935709059510e-01 
34   28       1.57239787877300286e+00 
35   28       5.60490613996136311e-01 
36   28      -4.20344605627486489e-01 
37   28      -1.53945389665797489e-01 
38   28      -2.75198593421559279e-01 
39   28       2.41120454779082588e-01 
40   28       7.54686393744637751e-01 
41   28      -2.91909899784921767e-01 
42   28       4.58445379977200473e-01 
43   28       1.75528863174444227e+00 
44   28       9.31490591541561774e-01 
45   28       8.25264441429845674e-01 
46   28      -8.14807133947271334e-01 
47   28      -5.34204178984685751e-01 
48   28       2.42551659062315433e-01 
49   28      -1.00647949072058290e-01 
50   28      -1.62504844947822580e+00 
1   29      -1.51442315230212032e+00 
2   29       1.02618939255219344e+00 
3   29      -7.58127475958909280e-01 
4   29       2.07834478911284748e+00 
5   29      -2.22198660521029767e+00 
6   29       4.48763638516242847e-01 
7   29       6.26115407103954935e-04 
8   29      -7.56239309114676961e-01 
9   29       4.04324826134679571e-01 
10   29      -7.93852875281774950e-01 
11   29       8.59783195732960914e-01 
12   29       6.68692106170284128e-02 
13   29      -1.63938739369785957e+00 
14   29      -2.42474991337220747e+00 
15   29      -2.83829926302803903e-01 
16   29       1.14580629896864483e+00 
17   29       1.81169289545897921e-01 
18   29       5.42502285446182855e-02 
19   29       6.87753654274765203e-01 
20   29      -1.39340730198453544e+00 
21   29       1.42536573618701135e+00 
22   29      -8.93851157858867373e-01 
23   29       3.77646999541895248e-02 
24   29      -3.63569288189157291e-01 
25   29       1.49556482460561024e-01 
26   29      -1.94451810616238707e+00 
27   29       1.52389489453652005e+00 
28   29       5.45810168063468382e-01 
29   29       2.00992749452170427e+00 
30   29       1.41667066085806637e+00 
31   29       1.14806655545398578e-02 
32   29      -9.39049321080533073e-01 
33   29      -1.73890838801445802e+00 
34   29       1.69709715690618476e-02 
35   29       2.19159093583545850e-01 
36   29       1.04582061013607830e+00 
37   29      -9.50982653969910885e-01 
38   29       7.94797422861683311e-01 
39   29       7.14298098874079218e-02 
40   29      -7.73686902272388788e-01 
41   29       7.74161843596112509e-01 
42   29       2.65654717978834720e-01 
43   29      -2.35105530923256700e-01 
44   29       1.87729222495920300e+00 
45   29       6.09239402441207556e-01 
46   29      -1.10273879003159186e-01 
47   29       2.77457471578040515e-01 
48   29       8.70459144723550599e-02 
49   29       1.73593051437427953e-01 
50   29       4.53591153371087574e-01 
1   30      -6.03518030988293930e-01 
2   30      -7.97023927995844206e-01 
3   30       3.60648897493696663e-01 
4   30       1.88509167734149585e+00 
5   30      -3.06821830652800165e-01 
6   30      -1.01272396093638695e+00 
7   30      -2.38545507981060806e-01 
8   30      -4.84014811281356705e-01 
9   30      -3.27344521688305856e-01 
10   30       4.75517983984107773e-01 
11   30      -1.30004891142355306e-01 
12   30      -5.94353281657676424e-01 
13   30      -4.43766910105020840e-01 
14   30      -1.32252964774282056e+00 
15   30      -8.59521166222044330e-01 
16   30      -1.41300117247606716e+00 
17   30      -5.15985900361916161e-01 
18   30      -1.08509809672171920e+00 
19   30      -7.07158590760917471e-01 
20   30      -3.01654545754810655e-01 
21   30      -1.20044050380043976e+00 
22   30      -1.93622662427421870e-02 
23   30       3.40370564189367009e-01 
24   30      -9.63230982199040020e-01 
25   30       1.11392258598057103e+00 
26   30      -1.58610542602410298e+00 
27   30      -3.91794659025427261e-01 
28   30      -1.48468622298009056e+00 
29   30      -3.44627168171878551e-01 
30   30      -1.32391590572995987e+00 
31   30      -5.74834950835000691e-01 
32   30      -7.40706727609253490e-01 
33   30      -1.18500187448858640e+00 
34   30      -2.06486003648069660e+00 
35   30       5.65059812252813098e-01 
36   30       2.00014236659301003e+00 
37   30       2.22332772023387237e+00 
38   30      -4.92177585883521063e-01 
39   30      -4.60029344953983080e-02 
40   30      -4.65747005835050965e-01 
41   30       7.59474321256629614e-02 
42   30      -9.18769644159624588e-01 
43   30      -1.91946652982324428e+00 
44   30      -3.64431430103087234e-02 
45   30      -1.22512571743543708e+00 
46   30      -1.90243431779427352e+00 
47   30       2.37424855083500796e+00 
48   30      -2.33345713757840051e-01 
49   30       4.03880739292360513e-01 
50   30       1.19246859933814897e+00 
1   31      -1.68475884854100855e+00 
2   31       4.13148529949932841e-01 
3   31       5.01745219289012834e-01 
4   31       8.30643451642332498e-02 
5   31       1.57798051973367714e-01 
6   31      -5.27942514299507004e-01 
7   31       7.23060699828803055e-01 
8   31      -8.49941652073992970e-01 
9   31      -7.96384050833209511e-01 
10   31       7.25337571127987468e-01 
11   31       1.68654447698159560e+00 
12   31      -3.86394169497247808e-01 
13   31      -5.05078413652472635e-01 
14   31       4.08073894625227751e-01 
15   31       1.07235614186139427e+00 
16   31       9.67982891147789348e-01 
17   31       2.70145532752676054e-01 
18   31      -6.34406535588806775e-01 
19   31       6.29763180328369532e-01 
20   31      -7.92337539515893807e-02 
21   31       1.37694916561229252e+00 
22   31      -1.40821248993324422e+00 
23   31       1.41231683307764921e-01 
24   31       1.28971939494036913e+00 
25   31      -4.94936298659302221e-01 
26   31      -6.24824952346629270e-01 
27   31      -9.33634294030098233e-01 
28   31      -2.78724913806185803e-01 
29   31      -2.00524959392691549e-01 
30   31       1.36741163276281080e-01 
31   31      -8.83348858615109367e-01 
32   31       8.25379227242559882e-02 
33   31      -6.03874898054430620e-01 
34   31      -3.68728264159063734e-01 
35   31      -8.38170422573186302e-01 
36   31      -2.82475041408237149e-01 
37   31       3.56986777687432788e+00 
38   31       3.40753236638644097e+00 
39   31       1.14691785982515082e+00 
40   31       7.87257533014092292e-01 
41   31      -1.27813736919090237e+00 
42   31      -5.84593101281239091e-01 
43   31      -6.19405664233412812e-01 
44   31       5.35301045844483236e-01 
45   31       4.82987052893211699e-01 
46   31       1.08475083480383122e-01 
47   31      -3.40284725667614363e-01 
48   31      -9.25848419891794783e-01 
49   31       5.32168979485395273e-03 
50   31       1.13914949095077978e+00 
1   32       4.27361247541928835e-01 
2   32       1.81032149310172502e-01 
3   32       6.57479738708320549e-01 
4   32       5.84245605925614253e-01 
5   32      -1.61645129547965172e+00 
6   32       1.87743520609800381e-02 
7   32      -4.25960758296182573e-01 
8   32      -2.03402726516439492e+00 
9   32      -1.32855255183638943e+00 
10   32      -3.19885618861163734e-01 
11   32       8.25430464554895771e-01 
12   32      -2.29292809268994507e-01 
13   32       2.62250813294937102e-01 
14   32      -8.97979544722800282e-01 
15   32      -2.15730270605984886e+00 
16   32       9.39167564889651224e-02 
17   32      -9.51181464851559966e-01 
18   32       1.17258993043935145e+00 
19   32       1.73509586636979596e+00 
20   32      -3.71696045350843329e-01 
21   32       1.19286412868396874e+00 
22   32       9.53648026213912092e-01 
23   32      -1.41504453500075944e+00 
24   32      -3.33563180476360369e-02 
25   32       2.61117763539549852e-01 
26   32       5.22994534336933881e-01 
27   32       6.76786842763219432e-01 
28   32       6.74395657593845788e-01 
29   32       6.78398959398352153e-01 
30   32      -3.12579719463969785e-01 
31   32       3.79243765636361252e-01 
32   32      -2.25289823488435292e+00 
33   32      -1.16835069664321489e+00 
34   32       1.20196562169025167e+00 
35   32      -6.60738591146435850e-01 
36   32       3.27559040044413052e-01 
37   32       1.50812707914556299e+00 
38   32      -8.88908957861213489e-01 
39   32      -9.59284630503596913e-01 
40   32      -4.92719304254720991e-01 
41   32       4.41056579174584129e-01 
42   32      -2.04764248303627883e-01 
43   32      -9.77806928725783120e-01 
44   32      -1.57294658745838611e+00 
45   32      -3.70261565518122227e-01 
46   32      -2.21145466215718206e-01 
47   32      -5.35212822136924782e-01 
48   32      -2.61972173055425250e-01 
49   32      -1.09541491865985874e+00 
50   32       5.49233489827528176e-01 
1   33      -2.17462056629638889e+00 
2   33       1.44614651456100446e-01 
3   33       6.69033435302302526e-01 
4   33      -8.48829159757919727e-01 
5   33      -5.70901191929413243e-02 
6   33       2.91786264353795621e-01 
7   33      -6.14618540132659041e-01 
8   33      -1.36431885670602153e-02 
9   33       4.12113496148594993e-01 
10   33      -9.37149595361606469e-01 
11   33       8.35157036407437992e-01 
12   33       1.09453846090964868e+00 
13   33       3.21180732968873783e-01 
14   33       1.51128385440506049e-02 
15   33      -1.16449254121656431e+00 
16   33       4.94840747422341465e-01 
17   33      -1.21584898482425063e+00 
18   33       1.59078797675858574e+00 
19   33       5.26475048595549722e-01 
20   33       2.64818591763603228e-01 
21   33      -3.93597890579411469e-01 
22   33      -2.17631003833625281e+00 
23   33      -1.19565443202558530e+00 
24   33       3.65328392431846116e-01 
25   33       2.41244305717062169e+00 
26   33       7.40247220579396070e-01 
27   33       3.09746388607370415e-01 
28   33      -5.41987183113314286e-01 
29   33       1.22283184138499215e-01 
30   33       9.62279332770060170e-01 
31   33      -2.53974843323264754e-01 
32   33       1.89175598926363375e+00 
33   33      -1.22025413722763476e+00 
34   33      -3.76237143988673417e-01 
35   33       5.24291487772231696e-02 
36   33      -1.95393370060853022e+00 
37   33       5.65420571160198393e-01 
38   33       7.77944624002780694e-02 
39   33       8.07011876263224875e-02 
40   33       7.94707809437464663e-01 
41   33       1.04368893647871697e+00 
42   33       8.02184648027535196e-01 
43   33      -4.68824364835626617e-01 
44   33      -4.65923743265947779e-02 
45   33       3.53453034782425846e-01 
46   33      -1.25680056318429001e+00 
47   33      -1.03603143787953678e+00 
48   33      -4.26962687763532578e-01 
49   33       7.76686794320302493e-02 
50   33       1.79093025896060376e+00 
1   34       7.97263135406905410e-01 
2   34      -4.42500740824704419e-01 
3   34      -6.29091091514815570e-01 
4   34       1.53379627132611041e+00 
5   34       2.73354038131324195e+00 
6   34       1.67439077485047022e-01 
7   34      -4.78865165602679277e-01 
8   34      -1.41265388318180474e+00 
9   34       9.74988055068973569e-01 
10   34       2.89718984218535036e-01 
11   34       1.16540825109215374e+00 
12   34      -9.08705616318882137e-01 
13   34       2.40575037229452365e-01 
14   34      -6.54046335191623252e-01 
15   34       1.27495453830671623e+00 
16   34      -5.51190610935941572e-01 
17   34      -8.74088682817871776e-02 
18   34      -3.47820318259741190e-01 
19   34       9.93962534155597988e-01 
20   34       4.28436173023809985e-01 
21   34      -1.00418528016197217e+00 
22   34      -6.32687876663077464e-01 
23   34      -1.04570999122493702e+00 
24   34       5.05707009458751910e-01 
25   34       3.31953721396755885e-01 
26   34      -1.63541252268811310e+00 
27   34      -1.90684020531618792e+00 
28   34      -4.03987210424982812e-02 
29   34       6.97193329646415449e-01 
30   34       1.68802575488669726e-01 
31   34      -1.54379632573122860e+00 
32   34      -1.55180239414170473e+00 
33   34       8.67077803619383358e-01 
34   34      -1.45372990423397380e-01 
35   34      -3.86241663817012360e-01 
36   34       1.31620411236280277e+00 
37   34      -7.96464226593884939e-01 
38   34       1.35441371885595241e-01 
39   34       4.17806430208595592e-01 
40   34       8.19879645963699555e-01 
41   34      -8.54353379120009304e-01 
42   34       3.57318588185116803e-01 
43   34       2.74846655587521260e+00 
44   34      -1.51297699352819448e+00 
45   34       4.33979032773599727e-01 
46   34      -2.29767733464021850e-01 
47   34      -8.27086376299090875e-01 
48   34      -8.31982615393435654e-01 
49   34       4.97899500583304788e-01 
50   34       2.31562610334450003e+00 
1   35      -7.93825701652537408e-01 
2   35       5.40959569281976194e-01 
3   35      -5.59061357111601764e-01 
4   35       1.97656605832667220e+00 
5   35       5.44660375289434229e-01 
6   35      -1.37905557777940641e-01 
7   35       6.19875635750663845e-01 
8   35      -5.58278344490563839e-03 
9   35       1.10719924542419990e+00 
10   35      -1.85590108437143159e-01 
11   35      -1.12141781251190387e+00 
12   35       2.46449516399111418e-01 
13   35       1.56103723018518781e+00 
14   35      -1.19662171456271871e+00 
15   35      -2.42345277992203678e-01 
16   35       1.00482816344249737e+00 
17   35      -1.92012580512738285e+00 
18   35       6.25445779460799933e-01 
19   35       7.52960417782594371e-01 
20   35       2.13483683522705053e-01 
21   35      -7.70234072868572595e-01 
22   35      -7.13465252874277873e-03 
23   35       9.31865247774351785e-02 
24   35       9.35251207390719430e-01 
25   35       6.63517921831602742e-01 
26   35      -3.50232666735205422e-01 
27   35       1.61987743935496686e+00 
28   35      -5.08330964816129036e-02 
29   35      -8.12697070766602914e-01 
30   35      -4.38419934696927249e-01 
31   35       8.58609994635493923e-01 
32   35       1.95215935238337884e-01 
33   35       8.88862153882706951e-01 
34   35       6.92218210392501893e-02 
35   35       2.48682132029734460e+00 
36   35      -1.66564311788149877e+00 
37   35      -4.15927944852021447e-01 
38   35      -8.42246064708946779e-02 
39   35       8.92519475074891183e-02 
40   35       1.45614720047534818e+00 
41   35       2.19453518638082296e-01 
42   35      -1.14877251919320800e-01 
43   35       6.86024694830988241e-02 
44   35       7.51494856970100877e-01 
45   35      -6.89427057923177045e-01 
46   35       4.50813584524417055e-01 
47   35      -1.56502465785672928e+00 
48   35      -7.87959236624286574e-02 
49   35      -9.41791969061034573e-01 
50   35      -6.52861505816215160e-01 
1   36       2.82529239916987751e-01 
2   36      -1.12507904298536898e+00 
3   36      -9.88974087143185354e-01 
4   36      -1.51585876104896955e+00 
5   36      -2.22851047687315162e+00 
6   36      -1.51521678303304430e-01 
7   36       1.16274436560635874e+00 
8   36      -1.81936286155353816e-01 
9   36      -2.33953540330953946e-01 
10   36      -1.04673406988336626e+00 
11   36       1.58331887778704106e+00 
12   36      -2.49413421524592421e-01 
13   36       1.29401900835505956e+00 
14   36       3.61980137920309197e-01 
15   36      -2.63052508703653765e-01 
16   36       1.08214445191655684e+00 
17   36       9.82434080192890580e-01 
18   36      -1.11443964288855307e-01 
19   36       1.29595078548943565e+00 
20   36       1.78129502150357855e+00 
21   36      -6.56148757390403875e-02 
22   36      -2.55680865369883326e-01 
23   36       4.04638157039466539e-01 
24   36       3.51756753327097604e-01 
25   36       8.07511060208285114e-01 
26   36      -2.55590492307781414e-01 
27   36       7.15113278785686313e-01 
28   36       1.04859731286359659e+00 
29   36       1.77548555016549786e-01 
30   36       1.53297684827983866e-01 
31   36      -1.25432447831637162e+00 
32   36      -1.17280085830884295e+00 
33   36      -1.46144181507779636e+00 
34   36      -1.24428798710640254e+00 
35   36      -1.55099375334763534e-01 
36   36      -1.61491381350160168e+00 
37   36       2.24606514978482830e+00 
38   36       7.39281132309719147e-01 
39   36      -2.06764536263328669e+00 
40   36      -1.15455058140429978e+00 
41   36      -1.07191878127395404e-01 
42   36      -1.71287908652886167e+00 
43   36      -4.59894542126371653e-01 
44   36       1.09100010337292663e+00 
45   36      -1.63880256756726794e-01 
46   36      -6.72404702443347713e-02 
47   36      -1.00159245598463453e+00 
48   36      -5.55661447134641051e-01 
49   36      -1.35155634252199675e+00 
50   36       3.64211322734808551e-01 
1   37      -4.52207604978530353e-01 
2   37       7.83365969886060332e-01 
3   37       1.23723664787975540e+00 
4   37       1.07719818143345880e+00 
5   37      -3.48411236037387412e-02 
6   37      -5.03987333962698236e-01 
7   37      -1.22401897480878818e+00 
8   37       1.18509082787498263e-01 
9   37       9.59473500735372964e-01 
10   37      -3.40930438594071461e-01 
11   37      -1.73318330984157276e-01 
12   37       6.16300507674839015e-01 
13   37       8.63919369587695329e-01 
14   37      -1.41691416697625172e+00 
15   37       1.99951958615035730e-01 
16   37       1.95826852819803360e-01 
17   37      -1.51132402938184307e-01 
18   37       8.92784163034418432e-01 
19   37      -3.64190188083625299e-01 
20   37      -8.26188688560359763e-01 
21   37       2.76011305268775653e-01 
22   37       4.59797300972681122e-01 
23   37      -2.17506670385248957e-01 
24   37       7.96122967431403650e-01 
25   37      -1.51802256788580769e+00 
26   37      -1.07491703238595648e+00 
27   37      -3.07216573397201120e+00 
28   37       5.21407188625718887e-01 
29   37      -9.91023626475556085e-01 
30   37      -2.53125737503331560e-01 
31   37       1.00926526235896397e+00 
32   37       5.10120530972105538e-02 
33   37      -4.40432791010793190e-01 
34   37      -8.48469411304335397e-01 
35   37      -2.40370839253824992e-01 
36   37       6.02929436161533494e-01 
37   37      -1.51625365102634468e+00 
38   37      -6.83485022814264293e-02 
39   37       7.82392865209733390e-01 
40   37      -1.42072592307484902e+00 
41   37       6.69365130823023513e-01 
42   37       6.83236637724418450e-01 
43   37      -8.82136223226941185e-01 
44   37      -1.50450875547990570e+00 
45   37       4.33139398845963142e-01 
46   37       8.08255713437514456e-01 
47   37       5.78937985821923129e-01 
48   37       7.62849125807181894e-01 
49   37      -1.18212703394539642e+00 
50   37       5.83847690104213224e-01 
1   38      -5.80009681883967176e-01 
2   38      -5.61367189192346960e-01 
3   38      -1.55589648185878038e+00 
4   38       1.10020845629522790e+00 
5   38       1.75058301901179464e-01 
6   38       1.00361131033307149e+00 
7   38       1.51100817427896628e+00 
8   38      -1.13723903031577311e+00 
9   38       6.43018393161372659e-01 
10   38      -1.27600440560323020e-02 
11   38       9.14259725009370472e-01 
12   38       1.10769457603402732e+00 
13   38       8.20471461466289909e-01 
14   38      -8.17611832254945048e-01 
15   38      -1.26485221105211404e-01 
16   38       2.64142905788655680e-01 
17   38       3.15852807293035553e+00 
18   38       1.22661722851170607e+00 
19   38       2.32063532135347605e+00 
20   38       4.14497860639018723e-01 
21   38       2.11831566780286223e-01 
22   38       6.13166891702506378e-01 
23   38      -5.27776960816185858e-01 
24   38       1.24160125135252764e+00 
25   38      -1.57630682812523459e-01 
26   38      -1.37360178459360105e+00 
27   38       8.70838154717908153e-01 
28   38      -1.56853330214118314e+00 
29   38      -1.84425289591555952e+00 
30   38       2.88409809703686404e-01 
31   38      -9.50911127513203835e-01 
32   38      -9.10732094067988274e-01 
33   38      -1.61949170302587070e-01 
34   38      -4.88901765718943726e-01 
35   38      -2.22782007935513199e-01 
36   38       2.72066496438054084e-01 
37   38      -1.16853089383044173e+00 
38   38      -1.22423430692922364e+00 
39   38      -2.09947869962566003e+00 
40   38      -3.90242630059538076e-01 
41   38       6.64281757759034308e-01 
42   38      -7.02264007180178118e-01 
43   38       5.01327534308470435e-01 
44   38       5.40313745697743819e-01 
45   38       9.90750986531974798e-01 
46   38       9.89378116701987165e-01 
47   38      -6.88841182918156547e-01 
48   38      -8.56837606600553525e-01 
49   38       4.83900176597464662e-02 
50   38      -6.64853402867583543e-01 
1   39       1.45274196098983510e+00 
2   39       1.37984575214443517e+00 
3   39       9.51364189696943391e-02 
4   39      -4.27127063983945399e-01 
5   39       5.10807809841619886e-01 
6   39      -6.56273624380463660e-01 
7   39      -1.25016775948649683e-01 
8   39      -5.30466700307261285e-01 
9   39       1.05586399266945435e-01 
10   39       1.12835040662740016e+00 
11   39       7.42478041095634089e-01 
12   39       1.14360315451890027e+00 
13   39      -9.14714245055425423e-01 
14   39       1.79801671924432527e-01 
15   39      -9.83347820200850764e-01 
16   39       3.84828570751978905e-01 
17   39       3.25697632239670132e-01 
18   39       1.29631036855967641e+00 
19   39       1.09922948349200689e+00 
20   39       6.53223048749174473e-01 
21   39      -5.05073387271409713e-01 
22   39      -4.75993806983387335e-01 
23   39      -2.05156142183125123e+00 
24   39      -4.48304537939441861e-01 
25   39      -1.55119653486096754e+00 
26   39       9.29825778469470565e-01 
27   39       9.01939971858983669e-01 
28   39       1.38287449053723560e-01 
29   39      -3.78407758501552394e-01 
30   39       1.43064257386028626e-01 
31   39       1.60503866642015702e+00 
32   39       1.34911605429134629e+00 
33   39      -4.48442111350954131e-01 
34   39       1.68411320921665747e-01 
35   39      -1.12049669501273397e+00 
36   39       4.00730907563089767e-01 
37   39       7.39062644702987548e-01 
38   39       9.00044704629628822e-01 
39   39      -1.53121827215907835e+00 
40   39       5.04620786866477378e-01 
41   39      -8.64214645938949810e-01 
42   39      -3.76554951987100484e-01 
43   39       7.88010405046766782e-01 
44   39       2.98205641496954554e-01 
45   39      -1.63741836804853214e-01 
46   39       6.06732545534466094e-01 
47   39       1.63449867890991762e+00 
48   39      -6.23493724316680931e-01 
49   39      -1.35010016594322058e+00 
50   39      -1.16224097904505586e+00 
1   40      -9.44279201431551862e-01 
2   40      -6.71210939873944978e-01 
3   40       5.76681169861819609e-01 
4   40      -2.08577008776204309e+00 
5   40       2.35963883578038602e-01 
6   40      -7.78421350000271906e-01 
7   40       1.09956194539538088e+00 
8   40      -8.55564295636041527e-01 
9   40       7.55762356315009022e-03 
10   40      -9.37585768802114194e-01 
11   40      -6.81559682509182863e-01 
12   40      -2.60139430391064019e-01 
13   40      -2.28795364308811672e-01 
14   40      -5.24812993989912435e-01 
15   40       1.12831851475533962e+00 
16   40       5.50139249522149099e-01 
17   40       1.85514736069922792e+00 
18   40      -2.77298794530625003e-01 
19   40       1.06663077087252867e+00 
20   40      -2.09923885099036855e+00 
21   40       6.38483769418352831e-01 
22   40       3.71465456657102178e-01 
23   40      -3.74179299914121410e-01 
24   40       6.95348326151246532e-01 
25   40       8.77628740871287283e-01 
26   40       1.03360564858666559e+00 
27   40       4.19791320369649890e-01 
28   40       6.01069227881255386e-01 
29   40      -6.74018313717088424e-01 
30   40      -1.09517845690236637e+00 
31   40      -2.67616725685837553e-01 
32   40       1.86550371901306966e-01 
33   40       9.50944671830087351e-01 
34   40      -7.90518736896563046e-01 
35   40      -4.89477981932457118e-01 
36   40       2.97447387060198176e+00 
37   40      -6.22585356871510287e-01 
38   40       1.92030299011263250e+00 
39   40       9.61148926751320132e-01 
40   40      -5.57803164624110726e-01 
41   40      -1.06555151565639675e-01 
42   40      -2.15161246502892312e-01 
43   40       4.73489692098451154e-01 
44   40       1.36564095839247579e+00 
45   40      -1.63780371606913433e+00 
46   40       2.02372886496698845e+00 
47   40       7.77789285588373236e-01 
48   40      -5.48901923229815125e-01 
49   40      -1.26011360116434268e-01 
50   40       2.99580407299929408e-01 
