80   10   800
1   1      -8.39041550076168319e-01 
2   1       1.62537503635698255e+00 
3   1       4.72979673350631437e-03 
4   1      -1.66588368151211585e+00 
5   1       1.79203163113084707e+00 
6   1      -1.01562099343042589e+00 
7   1      -9.58652440004099438e-01 
8   1       1.70636612351281386e-01 
9   1       3.41228686779717738e-01 
10   1      -2.11379415241256918e-01 
11   1       5.54650494774502123e-01 
12   1      -2.28017364592682542e-01 
13   1      -5.55490186065111469e-01 
14   1       5.01127745526909404e-02 
15   1       6.13833243056832734e-01 
16   1       7.17232002611762204e-02 
17   1       1.58241946077437023e+00 
18   1      -1.53765019547857018e+00 
19   1       8.94423737611955927e-01 
20   1       1.21698155985923973e+00 
21   1      -5.34760895438092687e-01 
22   1       1.77836601806960259e-01 
23   1      -2.80798604517489447e-01 
24   1      -2.59177790832881438e+00 
25   1       7.97883765896261421e-01 
26   1      -1.84142850236203226e+00 
27   1      -4.05307756324593371e-01 
28   1       4.16861190696522360e-02 
29   1       2.45907825732767682e+00 
30   1       5.77648708566770086e-01 
31   1       1.34000676706467980e+00 
32   1      -1.05121840218656382e+00 
33   1       4.78849811689459948e-01 
34   1      -3.99876595189006534e-01 
35   1      -1.81616449065913371e-01 
36   1       1.00536714680579542e+00 
37   1      -3.84538602267639806e-01 
38   1      -1.81289882086880771e+00 
39   1      -1.56864972424181337e+00 
40   1       4.47726943490953877e-01 
41   1      -1.41136513901977767e+00 
42   1      -8.33153038407176250e-01 
43   1      -1.12494140173302659e+00 
44   1      -1.11929207845578627e+00 
45   1       7.54847643508018029e-01 
46   1       6.73428079113811529e-01 
47   1      -3.35283627364343806e-01 
48   1      -1.26413913599414207e+00 
49   1      -7.45084426868912963e-01 
50   1      -4.79377164112206544e-01 
51   1      -6.31559918809381116e-01 
52   1      -1.29612531442139978e+00 
53   1      -1.03468991593583892e+00 
54   1      -8.96003778630542702e-01 
55   1       4.04721092410149919e-01 
56   1       6.15185426295545845e-01 
57   1       7.79633765743629470e-02 
58   1      -1.04383460925597871e+00 
59   1       1.29489375678173979e-01 
60   1       1.13910135175532057e+00 
61   1      -4.15392153749440940e-01 
62   1       1.70981752272221987e+00 
63   1      -1.60609761042300780e+00 
64   1      -6.18655520788071511e-01 
65   1      -5.91894422083328431e-01 
66   1      -8.06114544507683717e-01 
67   1      -9.15108096079570998e-01 
68   1       4.17534229959188319e-01 
69   1      -7.40614129834414991e-01 
70   1      -1.24042691962390317e-01 
71   1       4.69066824898146051e-01 
72   1      -8.79571694508258228e-01 
73   1      -2.35065403828674624e+00 
74   1      -1.18792603342165098e-01 
75   1      -4.45355149742645284e-02 
76   1       3.57355588964078652e-01 
77   1      -6.11240239364487792e-01 
78   1       1.52103086326177746e-02 
79   1       2.86784651417708092e-01 
80   1       3.64617437976024916e-01 
1   2      -1.56185638400247262e+00 
2   2       7.64992407140801522e-02 
3   2      -1.59801823952914285e-01 
4   2      -4.89871578278709141e-01 
5   2       8.55561185662608858e-01 
6   2      -2.28028551131627744e+00 
7   2       4.18581359515612539e-01 
8   2      -1.03021701406878186e+00 
9   2      -1.56361648044393475e+00 
10   2      -1.34679148742860511e+00 
11   2       4.00634465224813885e-01 
12   2       1.10984862896544656e+00 
13   2      -8.50564136121100711e-01 
14   2       3.96434022856567869e-01 
15   2      -1.13201762966840302e+00 
16   2       2.02536563641745060e+00 
17   2      -3.07042074789601716e-01 
18   2       8.54350662881638412e-01 
19   2       3.10343879457043892e-01 
20   2       4.01295266258560768e-01 
21   2       4.29987022741948999e-01 
22   2       1.45208122070616064e+00 
23   2       1.92819843540143365e-01 
24   2       6.49982190472386590e-01 
25   2       1.34880755596453766e-01 
26   2      -2.51889833015534526e-01 
27   2      -8.68679913651957195e-03 
28   2       6.37252475705260668e-01 
29   2       1.05389822707281433e+00 
30   2       1.94782318890295447e+00 
31   2      -1.61830462707049083e+00 
32   2      -6.03178752629579262e-02 
33   2       2.33593775139897586e+00 
34   2      -2.71573333737026190e-01 
35   2      -6.27046832675384858e-01 
36   2       5.98963134882432247e-01 
37   2      -1.70427726053904505e+00 
38   2       5.57956559552682307e-01 
39   2       1.96256486004114189e-01 
40   2      -3.93710109136341316e-02 
41   2      -5.09864974684944627e-01 
42   2      -1.27379240921783743e+00 
43   2      -1.17781051311959661e+00 
44   2       6.84055457047952009e-01 
45   2       1.56041588494384977e-05 
46   2       8.32150994480181705e-01 
47   2       3.25945930311130616e-01 
48   2       2.00719642870601733e+00 
49   2       1.41067684893866763e+00 
50   2      -6.59422518427035809e-01 
51   2      -9.21875871101657585e-01 
52   2       8.76533349274579821e-01 
53   2      -1.38495128211815949e-01 
54   2       9.48033259204498879e-01 
55   2      -1.48247967488648463e-01 
56   2       1.15393876713561228e+00 
57   2       8.53879245917063406e-02 
58   2       6.67284422523068077e-01 
59   2      -1.15480753613523168e+00 
60   2      -5.03752514868681667e-01 
61   2      -1.44220883404312966e-01 
62   2       1.49134441109224358e-01 
63   2       1.50365414672653103e-01 
64   2      -9.82794989916498246e-02 
65   2      -1.30246119500449575e+00 
66   2       7.08816117778221289e-01 
67   2      -1.31553112145445206e+00 
68   2      -7.62309867845243794e-01 
69   2       3.16230800551154434e-01 
70   2      -1.71123531444670518e-01 
71   2       1.23763747580403738e+00 
72   2       1.06251723208068105e+00 
73   2       1.13213561296602294e+00 
74   2      -1.53150517128731067e+00 
75   2      -3.67627701105512295e-01 
76   2       4.64747879245052953e-01 
77   2       2.47395836734053542e+00 
78   2      -3.96832420999252145e-01 
79   2       1.84914269790137087e-01 
80   2       4.98998052177355572e-02 
1   3      -5.36552834146449276e-01 
2   3      -3.73964269152552931e-01 
3   3       5.78432588439211526e-01 
4   3      -9.44319315509181911e-01 
5   3       5.59350545205788197e-01 
6   3       9.85122407541285106e-01 
7   3      -6.32325487743013587e-02 
8   3       1.77308318737728854e+00 
9   3      -2.42049046767183723e-01 
10   3       7.59934054414134974e-01 
11   3      -6.48385382151883127e-01 
12   3      -1.96490039017445617e+00 
13   3      -1.04591390186645247e-01 
14   3      -1.42708534785518082e+00 
15   3       1.96019993323433805e+00 
16   3      -1.13953637573071731e+00 
17   3      -1.70787877154670142e+00 
18   3      -5.35165119339507406e-03 
19   3      -1.02656802745586617e+00 
20   3       5.68119229253089109e-01 
21   3       6.20702938246343108e-02 
22   3       2.46348726279132002e+00 
23   3      -7.21707316409145649e-01 
24   3       9.33265060070076813e-01 
25   3       8.15936038398633268e-01 
26   3      -8.34006238316683857e-01 
27   3      -6.50247794241715193e-01 
28   3      -9.35209561142065104e-01 
29   3       6.80130456908611541e-02 
30   3      -5.32374201047583373e-01 
31   3      -8.78919573103779328e-01 
32   3      -2.51625962337650218e-03 
33   3      -3.68226439478640033e-01 
34   3       3.53804490939092775e-01 
35   3      -7.64969590011270739e-01 
36   3      -6.75644056403147952e-01 
37   3       2.38261790569462423e-01 
38   3      -1.96965332295492124e-01 
39   3       7.37177013127731651e-02 
40   3      -1.35260904957742722e+00 
41   3      -7.17502731161625967e-02 
42   3      -1.37295623433100000e+00 
43   3       2.36107190777417353e+00 
44   3       1.89843936353122489e+00 
45   3      -8.96453696143796441e-01 
46   3       3.45422852227826455e-02 
47   3       8.17510439012223089e-01 
48   3      -5.30232360143897741e-01 
49   3      -2.76871221696382341e-01 
50   3      -5.05475230830063071e-01 
51   3      -2.18786300322411226e-01 
52   3      -2.31365910920662637e-01 
53   3      -1.08514766648316252e+00 
54   3       1.44123201346403662e-01 
55   3       5.80947421470398240e-01 
56   3      -1.24502772745991708e+00 
57   3       3.72696779457856453e-01 
58   3       1.14341525739179928e+00 
59   3       9.37926126789042081e-01 
60   3      -1.00524642908408102e+00 
61   3       4.68869015465252725e-01 
62   3       1.73283069932255174e-01 
63   3      -2.49549559058505482e-01 
64   3       1.56801789371227851e-02 
65   3      -1.25854425317549068e+00 
66   3      -8.16998572830843539e-01 
67   3       8.58164569466872029e-01 
68   3      -1.36365172972750481e+00 
69   3      -2.28808094172565823e+00 
70   3      -3.38409402670273418e-01 
71   3      -6.42395445325708248e-01 
72   3       3.96756156201565291e-01 
73   3      -1.44558746979534836e+00 
74   3      -1.20050047965506512e+00 
75   3      -1.28395516412446564e-01 
76   3      -5.29762915876781371e-01 
77   3      -1.42889661334515572e+00 
78   3      -2.76333493040471634e+00 
79   3      -2.38437924102985210e+00 
80   3       1.99587311536678885e-01 
1   4       1.88837109483583276e+00 
2   4       5.82025395683602564e-01 
3   4      -6.57499127689520568e-01 
4   4       1.02902154220402786e+00 
5   4       1.66927870764814251e-03 
6   4      -5.69167736153222470e-01 
7   4       1.96938183876867207e-01 
8   4       1.21886755927038792e-01 
9   4       1.18231953403023815e+00 
10   4      -3.29623145527199346e-01 
11   4       1.12002484477132591e+00 
12   4      -2.72365834757221537e+00 
13   4      -6.48364744374717916e-01 
14   4       9.08510268563592072e-02 
15   4       7.37042468088992653e-01 
16   4      -3.77777083106742795e-01 
17   4      -1.15170402613673062e+00 
18   4      -5.65742393428413148e-01 
19   4      -9.40641445766792761e-01 
20   4       3.82529789215134253e-01 
21   4      -1.82481829736627033e+00 
22   4       2.86556167433211884e-01 
23   4       5.64911342357418911e-01 
24   4      -9.59998993471390727e-01 
25   4      -1.70584360202649721e-01 
26   4       1.42923910031255286e+00 
27   4       5.72250959603070375e-01 
28   4      -5.89236092155979302e-02 
29   4       7.13901314376783835e-01 
30   4      -9.89461899603467199e-01 
31   4      -1.40164327852695658e+00 
32   4       4.72045880244854499e-01 
33   4      -4.86523507635808261e-01 
34   4       8.36533586937148188e-01 
35   4      -6.84925211728384498e-01 
36   4      -7.62064198250668734e-01 
37   4       5.44159920026339283e-01 
38   4      -4.52361143739540839e-02 
39   4       8.90272601587479895e-01 
40   4       6.05969086909328158e-01 
41   4      -4.79456064450974551e-01 
42   4       1.29492400169738198e+00 
43   4      -1.59566698778218302e-01 
44   4       1.71163556372563919e-01 
45   4       7.00307547224766069e-01 
46   4       3.93051411288863783e-01 
47   4       1.10023826790417978e+00 
48   4      -1.05464508551947933e+00 
49   4      -8.67696366061330271e-01 
50   4       4.88065285764713808e-01 
51   4       4.52323305231059736e-01 
52   4       1.06364630401731008e+00 
53   4      -9.14723683465217929e-01 
54   4      -2.51389439133854642e-01 
55   4      -5.32974910834638216e-01 
56   4      -1.43957051970607797e+00 
57   4       3.59650723132275696e-01 
58   4      -6.89933400190953172e-01 
59   4      -5.25030612449937872e-01 
60   4       5.05020472146288646e-01 
61   4       2.25994887067726719e-01 
62   4      -1.22176190500649962e+00 
63   4      -1.44723509277923124e+00 
64   4       7.82238421900346204e-01 
65   4       9.28532873114713664e-01 
66   4       7.71927790573638584e-01 
67   4       2.03765517135399321e+00 
68   4       6.55599965804263829e-01 
69   4       1.45684274849989537e+00 
70   4      -9.01899257629200313e-01 
71   4       6.46171770301599113e-01 
72   4       2.17199845777788753e-01 
73   4      -1.79502785763373263e+00 
74   4      -2.19853383188520546e+00 
75   4       3.88259000309774505e-01 
76   4      -4.05085149160239688e-01 
77   4       2.92247003940038053e-01 
78   4      -7.81224945079492028e-01 
79   4      -1.19248724029739295e+00 
80   4       7.53483734889929674e-02 
1   5      -1.31514558498180767e+00 
2   5      -4.47887400301104632e-01 
3   5      -4.55163470634538714e-01 
4   5       4.46506122886634535e-02 
5   5       3.64706539942405650e-01 
6   5       2.90830427563205374e-01 
7   5      -4.36439453180432868e-01 
8   5       5.56688549440252367e-02 
9   5      -5.42419112366398171e-01 
10   5      -3.92288543810783985e-01 
11   5       6.04191790355095848e-01 
12   5      -7.74699461980347226e-01 
13   5       7.21337910650919678e-01 
14   5      -7.18449322322210815e-01 
15   5      -9.64042823250057967e-01 
16   5      -2.78473220234724383e+00 
17   5      -5.35128599315081166e-01 
18   5       8.38315224686690841e-01 
19   5       3.12634599158679860e-01 
20   5       9.24505191997073567e-02 
21   5      -1.05555352078151476e+00 
22   5       2.02834853303752993e+00 
23   5      -8.66764483925061446e-01 
24   5       1.30468987695340610e+00 
25   5      -1.60472106297175210e+00 
26   5       1.05374303290310323e+00 
27   5       8.97686986825228406e-01 
28   5      -7.17776160776012473e-02 
29   5       3.12192625361334186e-01 
30   5       8.17459133204337496e-01 
31   5      -2.23819791732536716e-01 
32   5      -1.23872235327795996e-01 
33   5      -2.76120978389170546e-01 
34   5       7.41980307394673244e-01 
35   5      -9.06694773512548458e-01 
36   5       9.52144575658693704e-01 
37   5       8.68026611373785895e-01 
38   5      -8.70647836956710219e-01 
39   5       7.75641333370662323e-01 
40   5       7.76264597903258136e-02 
41   5      -3.87204369119930669e-01 
42   5      -1.82982333434140965e+00 
43   5      -6.95771432508100335e-02 
44   5      -6.93960684553900808e-01 
45   5      -1.21531068647365892e+00 
46   5      -1.43192964790522215e+00 
47   5       6.90619787933624552e-01 
48   5      -6.82290244621334696e-01 
49   5       1.48276534129468573e+00 
50   5      -4.94306812594666078e-01 
51   5       1.16517918682819444e+00 
52   5      -6.75377758573985076e-01 
53   5      -1.39033345833791566e-01 
54   5      -1.05072792301964113e+00 
55   5       1.71824300182023798e-01 
56   5       1.46615108783875653e-01 
57   5      -8.22665698179284588e-02 
58   5       1.03159462626360354e+00 
59   5      -5.91302402556965964e-02 
60   5       6.98421760060425556e-01 
61   5       1.04673463964983648e+00 
62   5      -1.30347671893704042e+00 
63   5       1.29907838068413706e+00 
64   5      -3.37416293219373331e-01 
65   5       1.22038308856854227e+00 
66   5       5.02113135631103019e-02 
67   5       9.55573014454610403e-01 
68   5      -1.18529506755017922e+00 
69   5      -2.48501363689054094e-01 
70   5      -4.21912740964170252e-01 
71   5       1.38082874823428137e+00 
72   5      -6.66231142171459068e-01 
73   5       9.55141955101977302e-01 
74   5      -1.32172427436236972e-01 
75   5      -1.45688877714955589e-01 
76   5       3.01394091778724005e-01 
77   5      -6.05215559887097784e-02 
78   5      -4.33421885060293055e-01 
79   5       1.08836330336506817e-01 
80   5      -2.99568027495404232e-01 
1   6      -3.38956520866105171e-01 
2   6      -6.04299966207342387e-01 
3   6       1.83499135558766666e-02 
4   6       2.42161246617301051e+00 
5   6       2.29025710953470751e+00 
6   6      -2.05865978955739415e+00 
7   6       2.16879883043019639e+00 
8   6      -6.50839484062040508e-01 
9   6      -1.18200081648776534e+00 
10   6       1.21922989487675881e+00 
11   6       5.89493740431605365e-02 
12   6       1.24585211982407107e+00 
13   6      -5.03662882729685624e-01 
14   6       2.38719793624606436e-01 
15   6      -3.28837158914363423e-02 
16   6       2.02568919408295994e-01 
17   6       1.11396451128701846e+00 
18   6       1.57782682674032726e-01 
19   6      -9.67377000461242975e-01 
20   6       9.11194253681757327e-01 
21   6      -8.50627348988888476e-01 
22   6      -7.37570854133907994e-01 
23   6       4.67480818368007589e-01 
24   6       7.30233773288472721e-01 
25   6       2.55763973951610435e-01 
26   6      -3.08759070162730576e-01 
27   6      -6.22414779574671617e-01 
28   6       8.51314148774770074e-01 
29   6      -1.15786625605641402e-01 
30   6       6.13363805503685966e-01 
31   6       1.55945039690419684e+00 
32   6      -1.18065961773806838e+00 
33   6       9.62275860800280713e-01 
34   6      -1.56725209321694026e+00 
35   6       3.54090950251728154e-01 
36   6       1.56698046997239460e+00 
37   6       1.54833136281717154e+00 
38   6      -1.66062194675508268e+00 
39   6       9.51953798247646144e-01 
40   6       1.10432686862330431e+00 
41   6      -2.10295772937965353e+00 
42   6       3.05449671896787789e-01 
43   6      -2.56682153294737203e+00 
44   6       1.83031475422646461e+00 
45   6       1.10982591538179065e+00 
46   6      -1.15885233192524706e+00 
47   6       1.59488247522693261e+00 
48   6       6.83279338425797245e-01 
49   6      -1.04130687897660512e+00 
50   6       2.09486657358501749e-01 
51   6       1.55860506716182434e+00 
52   6      -8.91243207841610707e-01 
53   6       3.53574114919150362e-01 
54   6      -1.21832718103463900e+00 
55   6       6.28972428465116362e-01 
56   6       1.98941471990836316e+00 
57   6       3.77788111418806805e-01 
58   6       4.83315797196083474e-01 
59   6      -7.82703362523537338e-01 
60   6      -5.74552559362700221e-01 
61   6       5.05866198355460095e-01 
62   6      -4.95155657392634063e-01 
63   6       5.92785567881569664e-01 
64   6      -4.80611072167665965e-01 
65   6      -1.49485144359691557e+00 
66   6       9.58886152379450851e-01 
67   6       1.16903898411702636e-01 
68   6       1.95143885778103665e+00 
69   6       1.81758556706411278e+00 
70   6       1.44286038051227705e+00 
71   6      -5.79196731154646649e-01 
72   6       5.88157718709993560e-01 
73   6      -1.28850628916649201e+00 
74   6       2.40512443910991719e-01 
75   6      -1.70311068967907309e+00 
76   6      -8.15856993013068355e-01 
77   6       4.91071962512839078e-01 
78   6       1.07340892197570770e+00 
79   6       6.10614622030925647e-01 
80   6      -2.43553229379447317e-01 
1   7      -1.82097743712040239e+00 
2   7       2.08323986731668676e+00 
3   7      -4.58076773965758410e-01 
4   7      -4.98925317200258178e-01 
5   7       1.89008794017371140e+00 
6   7      -9.81528549212975165e-01 
7   7      -7.93472920598583431e-01 
8   7       2.40322808316806524e-01 
9   7      -7.19622910861577036e-01 
10   7      -1.22582161587938021e+00 
11   7       1.82917576086291711e+00 
12   7      -3.08673988585112147e+00 
13   7      -7.06582876251313885e-01 
14   7      -1.50097053882945808e+00 
15   7       2.86303540220975206e-01 
16   7      -3.34458268843048689e-01 
17   7       4.52343393419635587e-01 
18   7      -3.18630884764043332e-01 
19   7      -1.02901860011980517e+00 
20   7      -3.22847491891505467e-01 
21   7      -8.40800549552520732e-02 
22   7       2.90559566114986401e-01 
23   7       1.17093645501965285e-01 
24   7      -1.09153691995522917e+00 
25   7       1.53870817102296109e+00 
26   7       9.42051292258988537e-01 
27   7       1.45374559416108795e+00 
28   7       2.92527971789280361e-01 
29   7       7.84021498759842728e-01 
30   7      -6.57242582558903554e-01 
31   7      -2.49122467709972262e-01 
32   7      -2.40484600642464880e-01 
33   7       2.99691346533543068e-01 
34   7      -4.24708389521363139e-01 
35   7      -1.19609993451097729e+00 
36   7       5.33533009738036856e-01 
37   7       1.07738099177671809e+00 
38   7       1.60198034637847042e-01 
39   7      -1.13606150628820779e+00 
40   7      -7.35886272351408355e-01 
41   7       6.33013808309986437e-01 
42   7       2.72852103396886314e-01 
43   7      -9.16974223178846470e-01 
44   7       4.57293192571140775e-02 
45   7      -9.66514682620424614e-01 
46   7       6.07007018062441089e-02 
47   7      -1.13232876088785828e+00 
48   7       6.00547895251635766e-01 
49   7      -1.46460635134979481e-02 
50   7       5.60393915077328164e-01 
51   7       1.09490186666227474e+00 
52   7      -7.65080349070514087e-02 
53   7      -2.11531036776738346e-01 
54   7       3.83885841210409640e-01 
55   7       4.28837534974135182e-01 
56   7      -1.59304209439683347e-01 
57   7       3.78022545672890176e-01 
58   7      -5.92611891341070368e-02 
59   7       6.30254943056101302e-01 
60   7       4.07248302485806180e-01 
61   7      -2.66601057050794288e-01 
62   7      -1.27857290358036657e+00 
63   7      -7.44324765523329379e-01 
64   7      -3.38785636396107814e-01 
65   7      -1.69403990677337513e+00 
66   7      -8.88102095824790605e-01 
67   7      -7.20320949260280674e-01 
68   7       1.33420811927789495e+00 
69   7       1.37047492932295012e+00 
70   7       4.41177235201797246e-01 
71   7       9.88397367681206118e-01 
72   7      -2.13068489592837329e+00 
73   7       4.90051832049881564e-01 
74   7       7.13951347482738252e-01 
75   7       1.75426443813808758e-01 
76   7      -3.44002693203631027e-01 
77   7      -4.07738512428180877e-01 
78   7      -2.31827605448763324e-01 
79   7       8.64214411009905259e-01 
80   7      -5.93092694167768664e-01 
1   8       1.24808739036392868e+00 
2   8      -8.65360710022788249e-01 
3   8       6.02989416630293151e-01 
4   8      -1.46771553736443239e-01 
5   8      -8.23974778366745042e-01 
6   8      -3.34692432812753404e-01 
7   8       3.46433790769200556e-01 
8   8      -1.27392759769464989e-02 
9   8      -5.17857442298893189e-01 
10   8      -3.34978684028350571e-01 
11   8       2.58862345720542730e-01 
12   8      -2.55693189284238065e-01 
13   8       2.63868702817698142e-01 
14   8      -7.63386141243772576e-01 
15   8      -1.57797208432543384e-01 
16   8      -1.16201314539877298e+00 
17   8       2.28759478367354552e+00 
18   8      -1.63646116892878468e+00 
19   8       2.72905838844837767e-01 
20   8      -6.87563271829383038e-01 
21   8      -1.07667247306098030e-01 
22   8       3.50249807924472578e-01 
23   8       7.84485575012268899e-01 
24   8      -4.68268013240425995e-01 
25   8       9.10583482544003675e-01 
26   8       3.42061294051091078e-02 
27   8       4.37697277318482569e-01 
28   8      -4.27459125405884821e-01 
29   8      -2.52125736090155705e-01 
30   8      -1.33413553260561341e-01 
31   8       5.17481511320590615e-01 
32   8       2.07545383026110564e+00 
33   8       1.20453496283024819e+00 
34   8       7.58163959284313460e-01 
35   8      -1.48843848772411569e+00 
36   8       2.49122988370067772e-01 
37   8      -7.76753015902267446e-02 
38   8       1.95583662795717839e+00 
39   8       4.45565121338175274e-01 
40   8      -2.29341296394386357e-01 
41   8      -9.74660103892684648e-01 
42   8       3.59864895495956294e-01 
43   8       4.96681601294630751e-02 
44   8       4.36181884476558812e-01 
45   8      -2.21592232139235179e-01 
46   8      -1.51358218609612183e-01 
47   8       3.27954866412397184e-01 
48   8      -4.48729328593905186e-01 
49   8       1.86924461410359233e+00 
50   8      -1.02891180010923539e-01 
51   8      -1.91224777862032336e+00 
52   8       1.85250422847394836e+00 
53   8       1.23058309268389166e+00 
54   8       6.15466418412177529e-01 
55   8      -1.07745246055979860e+00 
56   8       7.86848346937546350e-01 
57   8       9.58764906017480878e-01 
58   8       1.07847097924618307e+00 
59   8      -1.40262802027106059e-01 
60   8      -6.39052105305590978e-01 
61   8       5.88090207483092375e-02 
62   8      -4.75628128240737809e-03 
63   8       8.43189267375390572e-01 
64   8       1.02875415072529661e-01 
65   8       6.92552989060833263e-02 
66   8       4.50435474984237194e-01 
67   8      -1.15341649200774787e+00 
68   8       6.53147547420347085e-01 
69   8      -2.49852883137856918e-01 
70   8       1.50012073938423129e+00 
71   8      -3.49194354779102600e-01 
72   8      -1.95417473808958131e+00 
73   8       7.71268189442586238e-01 
74   8      -6.53851999924923821e-01 
75   8      -2.50198642449979358e-01 
76   8      -8.64067789380846607e-01 
77   8       6.71963444065489912e-01 
78   8       1.88777726769882825e+00 
79   8      -1.79687265995025625e+00 
80   8       1.32877677770660146e-01 
1   9       1.54002233611562866e+00 
2   9       2.35003072497846999e+00 
3   9      -4.82015401653712247e-02 
4   9      -3.05956282690670101e-01 
5   9      -1.01959229590133815e+00 
6   9      -2.14114237715753886e+00 
7   9       6.10233061024636481e-01 
8   9       1.67615469862016364e+00 
9   9      -1.40193199461846207e+00 
10   9      -9.82977349818277779e-01 
11   9       7.90793679377614578e-01 
12   9      -2.35779636487440181e+00 
13   9       5.65233241233374484e-01 
14   9       4.24422884822328483e-01 
15   9       3.18424836247188481e-01 
16   9      -4.97178160893572474e-01 
17   9      -1.36980835034110271e+00 
18   9      -1.16878220986820866e-01 
19   9      -4.26415422575039449e-01 
20   9       9.14514716608875067e-01 
21   9       9.37808152263638561e-01 
22   9       8.13890022119548973e-01 
23   9      -4.40676933255082837e-01 
24   9      -1.85170953895316126e+00 
25   9       8.62543665397351167e-01 
26   9       1.27793852302444333e-01 
27   9       2.64749936752394222e-01 
28   9       9.70783291579978114e-01 
29   9       7.16066943879019591e-01 
30   9      -2.14232505505430249e+00 
31   9       1.68896414524973681e+00 
32   9       6.23000317835983308e-01 
33   9      -6.15881335321082468e-01 
34   9       1.25270888878311615e-01 
35   9      -1.22453765708505080e+00 
36   9      -5.12969205979425871e-02 
37   9      -3.58539077643786730e-01 
38   9       1.68124589045349060e+00 
39   9      -8.60655966082090051e-01 
40   9       1.66089534396289484e+00 
41   9       5.66291853046252888e-02 
42   9      -2.65558802785122783e+00 
43   9      -4.09078330842799875e-01 
44   9       5.91210371229604958e-01 
45   9      -6.92431339801334422e-01 
46   9      -5.03296109280476411e-01 
47   9       1.94344331386632607e+00 
48   9      -5.50069775876592781e-01 
49   9      -5.97459068010522398e-01 
50   9       4.83591929981558921e-01 
51   9       2.66340391907900376e-01 
52   9      -1.75515063235411273e-01 
53   9       3.16852099444409396e-01 
54   9       1.01739654103394916e+00 
55   9      -8.54267487487216592e-01 
56   9       1.64360418503217948e-01 
57   9      -2.99629175795602498e-01 
58   9      -2.26767404691997143e+00 
59   9      -8.64670055986235253e-01 
60   9       1.98294412736205961e-01 
61   9       7.16161252717308128e-01 
62   9      -7.94251113846354939e-01 
63   9       1.24683909234364100e-02 
64   9      -3.45890814453895870e-02 
65   9      -8.64752547054133680e-02 
66   9       3.72905773882954594e-01 
67   9       4.45657583770660393e-01 
68   9       9.97192111773632428e-01 
69   9       1.06743819122564920e+00 
70   9      -2.39706672583345215e-01 
71   9      -8.84938584354148183e-01 
72   9       3.55556057295177030e-01 
73   9      -9.77992161195180509e-01 
74   9      -1.77452839542754426e-01 
75   9       9.51712399585024516e-01 
76   9       1.94647257398823548e-01 
77   9      -1.79234791339689847e+00 
78   9       4.56716746637703785e-01 
79   9       1.36392767368705448e+00 
80   9      -1.51358792023714694e+00 
1   10       4.03729251642833020e-01 
2   10      -2.19132807711468658e+00 
3   10      -9.09587949389253914e-01 
4   10       1.25387728970082546e-01 
5   10       5.49761194870587055e-01 
6   10       1.72734691637249811e-02 
7   10      -2.93816395299887179e-01 
8   10       5.96356085622341436e-01 
9   10       2.57262078942230965e-01 
10   10       4.51729215322241251e-01 
11   10      -2.68710277069232617e-01 
12   10       4.63944632674719970e-01 
13   10      -5.58144203471857114e-01 
14   10      -1.59607147121278348e+00 
15   10      -4.47962405423787124e-01 
16   10      -6.84870813301311165e-01 
17   10       3.57800674728352308e-01 
18   10       3.14273098927217831e-01 
19   10      -6.82133768318341938e-01 
20   10       1.83182204213878497e+00 
21   10      -2.59334831319717962e-01 
22   10      -2.33805255427170261e-01 
23   10       2.87444673250946314e+00 
24   10      -1.64676343424673854e+00 
25   10      -1.37347335585801211e+00 
26   10      -9.18630707973108640e-01 
27   10      -7.04058041282113911e-01 
28   10      -9.20530842855513676e-01 
29   10      -1.14358406181445854e-01 
30   10      -1.64036410973542135e+00 
31   10       3.10743619286436612e+00 
32   10       9.63478832091255732e-02 
33   10      -4.18548591345534238e-01 
34   10      -1.26274606706649667e-01 
35   10       9.23334158004486261e-01 
36   10      -6.54076368440178357e-01 
37   10      -1.57438418398961377e+00 
38   10       1.55963708144811586e-01 
39   10       4.56224350597348227e-01 
40   10      -3.30703163624449126e-01 
41   10      -1.71666314779884543e+00 
42   10       1.73911160192867675e+00 
43   10      -4.61689468494500876e-01 
44   10       4.94916164152639615e-01 
45   10      -1.79509172813458528e+00 
46   10      -5.49120172474336157e-02 
47   10      -8.02900738165124084e-01 
48   10      -2.11464880276265088e+00 
49   10      -7.20463718443064560e-01 
50   10       7.43539941546297434e-01 
51   10      -5.50576370059126963e-01 
52   10      -7.69466801147830171e-01 
53   10       3.30893040361557866e-01 
54   10       1.87272057921539847e+00 
55   10       3.18506012938028715e-01 
56   10      -1.59899924481392619e-01 
57   10       1.27946595099888949e+00 
58   10      -4.57051405049892445e-01 
59   10       1.89334913097920188e+00 
60   10      -1.82661564671080878e+00 
61   10       7.14502797570473858e-01 
62   10       1.09623281069652911e+00 
63   10      -7.46341641521524268e-01 
64   10       1.14030702844036921e-01 
65   10      -8.48345713996660589e-01 
66   10       6.08594679063190425e-01 
67   10       1.37447462916616359e+00 
68   10       4.12325666411415326e-01 
69   10      -4.55711081558065223e-01 
70   10      -1.21685228004742463e+00 
71   10       6.13970898823033295e-02 
72   10       1.60020370644231857e-01 
73   10       2.40276235066193511e+00 
74   10       1.76212382200278084e+00 
75   10       7.58214389614731199e-01 
76   10      -8.96780429487095576e-01 
77   10      -4.07064590317600894e-01 
78   10      -1.37899883094939013e+00 
79   10      -6.52771567139810105e-01 
80   10       3.01341027337571932e+00 
